[10, [134.08, 135.25, 135.13, 134.26, 135.43, 135.07, 134.59, 134.65, 134.3, 135.58, 135.32, 134.56, 135.57, 134.93, 135.26, 135.7, 135.26, 134.37, 134.66, 134.97, 135.81, 136.03, 135.93, 135.02, 136.05, 136.13, 136.2, 135.2, 135.54, 135.85, 135.33]]
[14, [137.67, 134.07, 135.3, 134.96, 134.72, 135.41, 134.31, 134.27, 134.65, 134.48, 134.83, 134.31, 135.19, 134.04, 134.33, 134.61, 134.64, 134.3, 135.28, 134.57, 135.43, 136.18, 135.2, 136.2, 135.6, 135.71, 135.37, 134.96, 135.25, 145.48, 135.53]]
[18, [137.32, 135.44, 135.07, 135.55, 135.64, 135.18, 135.1, 134.55, 135.53, 134.82, 135.32, 134.79, 134.36, 135.61, 135.71, 134.8, 135.5, 135.65, 134.89, 135.42, 135.15, 135.93, 136.53, 135.86, 135.75, 136.54, 135.17, 136.88, 135.54, 135.55, 136.44]]
[22, [134.78, 135.14, 135.14, 135.46, 134.57, 134.49, 134.48, 135.6, 134.75, 134.9, 134.8, 135.33, 134.44, 134.23, 134.14, 135.16, 134.43, 134.52, 134.36, 134.42, 135.37, 135.02, 135.44, 134.99, 135.96, 135.42, 136.39, 135.02, 135.72, 134.97, 135.54]]
[26, [134.7, 134.86, 135.67, 133.9, 134.67, 135.11, 134.94, 134.72, 134.72, 134.7, 135.43, 135.36, 135.07, 134.08, 135.15, 134.79, 134.65, 135.17, 134.44, 135.24, 135.51, 135.64, 135.68, 134.89, 135.67, 136.06, 136.43, 136.56, 135.14, 136.21, 135.43]]
[30, [134.33, 134.36, 136.31, 135.07, 135.08, 134.51, 137.27, 134.64, 134.46, 134.33, 134.38, 137.86, 134.78, 134.68, 135.47, 135.28, 134.51, 134.21, 134.8, 135.79, 135.19, 135.29, 135.18, 135.63, 135.67, 135.09, 135.28, 135.62, 135.65, 136.51, 135.45]]
[34, [134.39, 135.27, 135.31, 134.25, 135.29, 134.78, 135.09, 135.46, 134.26, 134.98, 134.99, 134.79, 135.38, 134.31, 135.74, 134.64, 134.89, 134.86, 134.89, 135.39, 134.44, 136.18, 135.84, 135.55, 135.5, 134.95, 136.53, 135.18, 135.93, 135.19, 135.29]]
[38, [134.67, 134.99, 135.74, 134.05, 135.78, 134.6, 134.47, 135.27, 135.37, 134.36, 134.58, 134.9, 134.99, 134.85, 134.62, 135.51, 134.53, 134.66, 134.84, 134.7, 134.92, 134.8, 135.73, 135.82, 134.72, 135.92, 135.07, 135.58, 135.08, 135.57, 135.34]]
[42, [133.78, 134.78, 133.74, 134.72, 134.57, 134.41, 135.13, 133.99, 134.82, 134.4, 134.42, 134.51, 134.27, 134.91, 135.16, 135.2, 134.44, 134.65, 134.31, 134.2, 134.65, 135.62, 135.87, 135.77, 135.02, 135.48, 136.17, 135.6, 135.22, 135.35, 136.67]]
[46, [134.14, 135.1, 135.36, 133.98, 135.19, 135.55, 134.69, 134.56, 134.46, 134.27, 135.03, 136.07, 134.53, 133.99, 135.66, 135.29, 134.49, 134.67, 134.84, 134.8, 134.91, 136.08, 135.56, 135.25, 136.17, 135.6, 136.87, 137.08, 134.91, 136.47, 135.54]]
[50, [137.44, 134.54, 135.32, 136.24, 135.97, 134.42, 135.58, 135.73, 136.09, 136.48, 135.9, 135.71, 135.31, 135.17, 135.13, 135.42, 135.79, 135.84, 135.74, 135.31, 135.03, 135.35, 135.22, 136.23, 135.82, 136.4, 135.58, 135.58, 136.3, 136.28, 135.96]]
[54, [149.9, 135.66, 134.51, 139.92, 135.26, 135.28, 136.38, 135.73, 136.32, 135.61, 135.56, 135.68, 136.24, 136.3, 136.34, 136.1, 135.95, 135.45, 135.65, 136.25, 135.76, 136.21, 135.95, 135.63, 136.3, 136.25, 136.18, 135.99, 135.86, 135.91, 136.27]]
[58, [134.83, 135.78, 135.62, 135.54, 135.08, 135.26, 136.04, 135.13, 136.19, 135.58, 135.61, 135.08, 135.8, 135.75, 136.56, 135.81, 135.19, 136.39, 135.9, 135.63, 135.99, 135.44, 136.07, 135.22, 136.21, 135.47, 135.22, 135.15, 136.05, 135.64, 135.33]]
[62, [134.85, 135.71, 134.98, 135.67, 136.12, 135.68, 135.95, 134.56, 135.44, 135.55, 135.01, 136.22, 136.05, 135.18, 136.4, 135.38, 135.98, 135.4, 136.32, 136.3, 136.18, 136.05, 135.9, 136.63, 135.7, 135.27, 135.19, 136.4, 136.4, 135.53, 135.75]]
[66, [135.77, 135.64, 134.97, 138.54, 135.24, 135.63, 135.0, 135.19, 135.63, 135.48, 135.97, 137.1, 134.99, 135.92, 135.34, 135.46, 136.02, 135.74, 136.03, 135.82, 136.4, 135.67, 135.5, 135.9, 135.35, 134.86, 135.45, 135.23, 135.37, 135.06, 139.58]]
[70, [135.23, 135.93, 134.84, 134.92, 136.13, 136.22, 136.03, 135.38, 136.18, 135.52, 137.6, 135.44, 135.2, 134.79, 136.06, 136.16, 134.87, 135.89, 135.26, 135.31, 136.06, 135.29, 136.07, 135.35, 135.09, 135.24, 136.2, 135.46, 135.94, 134.81, 135.13]]
[74, [134.8, 135.28, 137.38, 134.8, 135.73, 135.24, 135.45, 135.66, 134.42, 135.93, 135.76, 135.57, 135.02, 135.91, 136.07, 136.0, 134.94, 135.06, 135.34, 135.43, 134.86, 136.42, 135.56, 135.39, 136.21, 136.15, 135.55, 135.5, 135.5, 135.33, 139.62]]
[78, [134.56, 135.17, 134.9, 135.88, 135.76, 134.75, 136.43, 134.93, 135.92, 136.02, 135.98, 134.98, 135.69, 135.59, 135.9, 135.47, 136.18, 136.35, 136.06, 136.64, 135.76, 134.95, 134.75, 136.62, 136.41, 135.21, 136.07, 135.15, 136.29, 134.77, 135.34]]
[82, [134.87, 136.26, 135.19, 135.66, 135.47, 135.86, 135.64, 135.06, 135.92, 135.2, 135.38, 135.34, 135.16, 135.84, 135.46, 135.08, 135.46, 134.96, 141.82, 135.44, 135.73, 136.05, 135.35, 135.68, 136.04, 135.36, 135.15, 135.54, 135.13, 135.54, 135.2]]
[86, [134.66, 135.28, 135.02, 134.84, 135.4, 134.85, 135.2, 135.34, 140.64, 135.31, 136.31, 135.63, 135.64, 135.5, 135.74, 136.03, 136.02, 136.36, 136.07, 135.31, 134.74, 135.23, 135.1, 135.79, 135.88, 135.28, 135.67, 135.71, 136.09, 135.08, 134.6]]
[90, [135.36, 135.31, 136.0, 136.47, 135.9, 135.62, 135.85, 135.8, 134.5, 135.02, 134.81, 135.79, 135.3, 134.87, 134.53, 134.96, 135.3, 135.56, 135.41, 136.18, 136.24, 135.28, 135.91, 135.7, 135.43, 136.23, 136.21, 135.31, 135.33, 136.3, 136.37]]
[94, [138.9, 135.27, 135.25, 136.24, 136.64, 136.63, 135.34, 135.79, 134.31, 134.61, 134.71, 134.12, 135.12, 135.26, 134.5, 134.67, 134.88, 136.92, 135.39, 135.49, 136.47, 135.52, 136.42, 135.42, 135.48, 135.58, 135.85, 136.04, 136.25, 134.97, 135.16]]
[98, [135.54, 135.46, 136.24, 134.93, 135.7, 135.65, 135.88, 135.01, 133.72, 134.39, 134.65, 135.26, 134.55, 134.61, 134.0, 135.3, 135.11, 135.22, 135.2, 136.0, 135.42, 135.56, 135.82, 136.0, 137.0, 136.59, 135.93, 136.14, 136.05, 135.32, 136.01]]
[102, [134.94, 135.16, 134.79, 135.44, 135.62, 136.18, 134.77, 134.85, 134.82, 135.13, 137.72, 134.87, 134.36, 135.24, 135.22, 135.48, 135.26, 134.8, 136.53, 134.83, 136.02, 135.46, 136.02, 135.45, 136.15, 136.23, 136.14, 135.09, 135.08, 135.89, 135.91]]
[106, [134.93, 135.59, 135.04, 135.76, 135.5, 135.39, 134.66, 134.82, 134.46, 134.86, 134.33, 134.87, 136.25, 135.28, 134.85, 135.65, 135.36, 135.02, 136.17, 135.58, 135.81, 136.0, 135.74, 135.39, 135.14, 134.72, 135.85, 135.15, 135.47, 135.33, 136.4]]
[110, [135.57, 135.95, 135.26, 136.12, 135.45, 140.18, 135.42, 134.75, 134.65, 134.33, 134.93, 135.1, 135.4, 134.29, 135.2, 136.08, 135.21, 135.18, 135.6, 134.84, 135.37, 135.84, 135.94, 135.32, 136.12, 136.16, 136.39, 135.31, 135.11, 136.22, 135.68]]
[114, [135.38, 135.92, 135.46, 135.05, 135.05, 135.18, 134.29, 135.04, 134.68, 135.17, 135.36, 135.19, 134.6, 134.19, 134.5, 135.88, 135.89, 135.68, 134.89, 135.03, 135.16, 135.51, 135.27, 135.57, 135.47, 135.84, 135.08, 134.83, 135.57, 134.95, 139.28]]
[118, [135.81, 134.46, 135.17, 135.91, 136.36, 135.02, 135.88, 134.51, 134.31, 134.57, 135.36, 135.25, 134.59, 134.27, 134.92, 136.51, 135.69, 136.08, 135.11, 134.77, 135.52, 135.29, 136.09, 135.71, 135.95, 135.11, 135.73, 134.75, 134.78, 134.46, 135.46]]
[122, [135.19, 134.79, 134.96, 136.02, 136.15, 136.12, 134.36, 134.19, 135.0, 135.06, 134.07, 135.75, 134.9, 135.47, 134.48, 135.74, 135.27, 136.03, 135.94, 136.12, 135.32, 135.16, 135.66, 134.95, 135.64, 136.34, 135.46, 135.31, 134.62, 135.04, 141.41]]
[126, [135.61, 135.54, 137.98, 135.73, 135.48, 134.83, 134.42, 134.87, 135.14, 135.09, 135.69, 134.84, 133.95, 134.62, 134.29, 134.89, 136.33, 135.06, 135.13, 135.87, 136.45, 135.17, 135.31, 134.63, 136.0, 136.63, 135.14, 135.02, 134.78, 135.42, 134.49]]
[130, [136.07, 135.58, 139.99, 134.54, 134.57, 135.98, 135.32, 136.23, 135.57, 134.9, 139.98, 134.99, 134.8, 133.77, 135.53, 135.1, 134.63, 135.33, 135.05, 135.1, 135.65, 136.07, 135.27, 136.29, 135.89, 135.87, 135.51, 135.73, 136.16, 136.24, 135.86]]
[134, [134.89, 134.79, 135.52, 134.78, 135.85, 135.15, 135.71, 136.27, 135.4, 134.89, 135.04, 134.42, 134.66, 134.71, 134.94, 134.56, 134.66, 135.27, 136.13, 135.84, 135.38, 135.8, 135.45, 135.79, 135.75, 135.2, 135.03, 135.31, 135.34, 135.98, 135.87]]
[138, [136.31, 142.08, 136.27, 136.24, 135.39, 134.75, 134.79, 134.79, 135.14, 135.24, 135.07, 134.68, 133.91, 134.13, 135.22, 135.27, 134.43, 136.03, 135.37, 135.36, 135.43, 135.71, 135.32, 135.74, 135.57, 135.19, 135.03, 136.42, 136.58, 136.09, 135.43]]
[142, [134.8, 135.6, 134.57, 135.9, 135.06, 135.71, 136.18, 134.7, 135.39, 135.28, 134.05, 134.59, 135.57, 134.1, 135.44, 135.1, 135.62, 134.58, 135.2, 135.13, 136.34, 136.54, 135.36, 135.57, 135.41, 135.71, 136.09, 135.61, 135.65, 135.48, 135.58]]
[146, [135.1, 135.34, 135.95, 135.0, 135.35, 135.91, 135.86, 135.24, 134.88, 134.72, 134.21, 135.23, 134.94, 134.52, 134.21, 134.93, 135.75, 134.74, 135.33, 135.72, 136.03, 135.91, 134.92, 134.77, 135.56, 136.34, 135.34, 135.26, 135.29, 135.66, 136.1]]
[150, [135.06, 134.82, 134.98, 134.98, 135.88, 135.16, 135.95, 134.86, 135.29, 133.8, 134.32, 133.83, 134.99, 134.39, 144.19, 135.34, 135.33, 135.56, 135.52, 135.18, 135.92, 134.82, 134.68, 135.91, 135.97, 135.59, 136.07, 135.1, 135.97, 136.16, 135.2]]
[154, [134.77, 135.62, 134.8, 136.83, 135.28, 135.3, 136.04, 134.64, 133.99, 134.37, 133.65, 134.12, 134.18, 134.28, 134.93, 134.85, 135.49, 134.86, 135.48, 135.65, 134.91, 135.28, 136.25, 135.77, 135.16, 135.82, 135.81, 134.42, 135.04, 135.98, 136.15]]
[158, [139.72, 135.2, 134.85, 135.16, 135.73, 134.96, 135.44, 135.15, 134.47, 133.92, 134.35, 134.69, 134.93, 134.98, 135.43, 135.29, 134.72, 134.57, 134.9, 135.8, 135.76, 135.98, 136.26, 135.01, 134.75, 135.23, 134.88, 135.51, 136.04, 135.03, 135.42]]
[162, [135.74, 135.65, 134.9, 135.31, 135.69, 135.11, 135.41, 134.73, 133.95, 134.5, 134.72, 133.77, 134.58, 133.93, 134.93, 135.53, 134.94, 135.19, 135.81, 135.52, 135.98, 136.16, 135.62, 135.82, 135.22, 135.71, 135.4, 135.04, 134.61, 135.67, 136.59]]
[166, [135.61, 134.72, 135.17, 135.82, 135.82, 135.12, 135.56, 134.78, 134.05, 133.8, 135.1, 134.32, 134.98, 134.98, 134.97, 135.49, 134.89, 134.28, 135.39, 134.95, 135.33, 135.65, 134.85, 135.5, 135.35, 135.83, 135.02, 135.59, 134.44, 149.91, 134.43]]
[170, [137.11, 135.71, 135.84, 136.07, 140.65, 135.94, 133.61, 134.67, 134.63, 135.03, 135.28, 134.14, 135.26, 136.45, 136.3, 135.28, 135.82, 135.7, 136.07, 135.71, 136.05, 136.6, 135.41, 135.37, 135.83, 135.19, 135.44, 135.91, 135.05, 135.72, 135.9]]
[174, [148.06, 134.43, 141.49, 135.07, 135.41, 138.14, 133.95, 134.61, 134.3, 137.44, 135.46, 134.68, 135.6, 134.88, 135.49, 135.53, 136.4, 135.12, 134.55, 135.37, 136.16, 136.2, 135.94, 136.13, 135.38, 135.34, 135.03, 136.0, 135.93, 135.06, 135.07]]
[178, [138.83, 135.43, 135.2, 135.82, 134.51, 134.34, 135.74, 135.35, 134.72, 140.37, 135.42, 134.65, 135.62, 135.0, 135.48, 135.84, 135.04, 136.96, 134.88, 134.75, 136.15, 134.96, 135.17, 136.18, 136.32, 135.78, 135.55, 135.58, 135.26, 136.39, 134.85]]
[182, [134.35, 141.69, 137.76, 134.48, 134.65, 133.69, 134.78, 134.19, 136.98, 135.18, 134.63, 135.63, 135.36, 136.32, 134.94, 135.77, 135.56, 135.25, 135.12, 135.37, 135.77, 135.93, 136.44, 136.28, 135.47, 135.56, 135.83, 134.85, 141.6, 134.8, 135.8]]
[186, [135.02, 135.03, 135.43, 134.86, 135.84, 134.11, 134.18, 134.32, 146.16, 134.24, 134.3, 134.8, 135.66, 135.98, 135.6, 135.21, 135.34, 135.15, 136.02, 135.23, 135.21, 135.79, 136.04, 136.46, 135.34, 135.83, 135.97, 135.79, 140.08, 135.42, 135.62]]
[190, [135.26, 134.67, 140.92, 134.24, 134.06, 134.68, 141.76, 144.12, 134.39, 134.22, 135.28, 134.95, 136.35, 135.04, 136.09, 135.42, 136.49, 135.05, 135.91, 135.61, 135.33, 135.4, 135.28, 135.71, 135.04, 136.08, 135.08, 136.12, 134.73, 135.04, 135.93]]
[194, [135.5, 139.73, 138.83, 135.16, 134.95, 134.62, 134.77, 134.35, 135.25, 134.11, 135.69, 135.38, 135.03, 134.98, 135.46, 135.59, 135.76, 135.05, 135.65, 135.4, 135.8, 135.1, 134.76, 134.91, 135.29, 135.37, 135.55, 137.82, 135.51, 135.45, 135.18]]
[198, [144.59, 134.4, 134.52, 138.54, 134.71, 134.76, 149.94, 133.91, 141.98, 135.35, 135.02, 135.85, 135.77, 134.9, 135.41, 135.03, 138.33, 134.84, 135.82, 136.11, 136.06, 135.63, 135.91, 135.94, 135.99, 135.53, 140.25, 134.34, 135.58, 135.76, 135.59]]
[202, [134.82, 134.82, 134.41, 133.96, 134.27, 133.99, 142.88, 135.06, 135.13, 136.0, 135.72, 136.41, 135.0, 135.09, 136.1, 135.99, 135.2, 136.02, 135.78, 135.58, 135.52, 135.06, 135.02, 135.13, 134.94, 135.09, 134.79, 134.81, 134.65, 134.85, 136.37]]
[206, [134.88, 134.89, 134.22, 134.86, 134.33, 134.31, 143.84, 134.07, 136.55, 135.93, 136.51, 135.66, 135.86, 136.01, 136.29, 135.77, 135.26, 135.23, 135.11, 135.18, 135.05, 138.97, 135.91, 135.94, 135.62, 134.81, 163.72, 137.23, 135.7, 135.87, 134.59]]
[210, [135.87, 137.5, 135.18, 134.94, 134.27, 135.52, 135.62, 135.68, 135.84, 134.75, 135.71, 136.25, 136.15, 135.68, 136.09, 136.89, 135.39, 135.07, 134.89, 135.82, 152.01, 136.49, 136.16, 135.64, 135.87, 135.88, 136.16, 135.29, 135.62, 135.29, 135.72]]
[214, [135.86, 135.11, 139.23, 134.9, 135.86, 135.46, 134.86, 135.69, 135.58, 135.71, 136.82, 136.3, 135.69, 157.46, 135.21, 136.14, 135.17, 135.25, 135.0, 135.67, 135.02, 135.8, 136.63, 135.29, 136.11, 136.2, 136.19, 135.42, 135.78, 135.43, 135.51]]
[218, [135.92, 140.89, 135.22, 140.74, 135.23, 135.76, 135.37, 135.85, 136.08, 135.76, 136.46, 136.18, 135.71, 160.77, 135.4, 136.14, 135.51, 134.86, 135.0, 135.96, 136.36, 136.47, 138.15, 140.28, 135.3, 135.91, 135.49, 135.27, 136.28, 135.41, 137.97]]
[222, [135.34, 134.32, 147.0, 135.36, 135.46, 135.99, 137.02, 135.41, 135.38, 135.85, 136.08, 135.42, 156.0, 135.76, 135.32, 135.89, 135.06, 135.3, 136.25, 135.93, 136.51, 145.96, 135.35, 135.42, 135.55, 136.41, 135.03, 135.87, 135.56, 135.47, 134.98]]
[226, [135.61, 135.2, 135.01, 135.03, 134.49, 134.86, 135.75, 136.21, 134.78, 136.33, 135.38, 136.04, 145.25, 135.61, 135.95, 135.46, 134.3, 135.67, 151.01, 135.52, 136.12, 135.88, 135.22, 135.36, 136.5, 136.4, 135.0, 135.23, 135.05, 135.04, 135.43]]
[230, [137.2, 134.56, 135.05, 135.43, 135.57, 135.59, 135.41, 135.89, 136.09, 136.31, 135.72, 148.95, 135.44, 135.33, 134.79, 136.32, 135.25, 135.11, 135.43, 135.18, 149.17, 135.13, 135.68, 136.21, 135.52, 135.54, 135.21, 135.66, 134.95, 136.55, 135.13]]
[234, [135.47, 136.08, 134.84, 135.55, 136.2, 135.85, 135.4, 135.7, 136.49, 134.93, 142.1, 135.32, 136.25, 135.93, 134.79, 134.71, 135.03, 145.64, 135.45, 135.62, 134.92, 135.43, 134.99, 140.27, 136.23, 135.19, 135.58, 137.45, 134.77, 135.62, 135.62]]
[238, [136.12, 135.21, 135.35, 135.45, 136.44, 135.78, 135.46, 136.22, 136.0, 135.6, 161.17, 135.26, 134.92, 135.24, 134.97, 135.49, 135.9, 135.1, 136.88, 145.91, 135.19, 135.66, 135.97, 134.96, 135.51, 135.08, 135.86, 135.18, 134.08, 135.09, 136.0]]
[242, [134.49, 134.68, 135.66, 135.63, 137.89, 135.72, 136.08, 135.87, 135.7, 138.41, 145.43, 136.02, 135.45, 135.23, 134.45, 135.17, 143.19, 135.27, 135.61, 135.64, 135.77, 135.19, 135.25, 135.62, 136.11, 135.9, 134.85, 135.42, 134.27, 135.13, 135.89]]
[246, [134.66, 135.21, 135.22, 135.18, 135.95, 137.83, 134.97, 135.41, 135.19, 135.33, 136.14, 135.05, 135.13, 135.25, 134.47, 135.59, 146.39, 135.18, 134.97, 135.71, 136.41, 136.24, 135.2, 135.79, 135.3, 135.91, 135.32, 135.14, 141.65, 134.12, 134.98]]
[250, [135.19, 135.68, 134.39, 138.46, 135.51, 135.53, 136.21, 140.55, 135.61, 134.88, 137.9, 136.73, 135.24, 136.01, 141.6, 148.65, 143.46, 147.78, 149.58, 144.75, 146.8, 143.97, 135.18, 134.14, 134.38, 134.62, 134.66, 134.97, 135.42, 135.43, 136.35]]
[254, [134.92, 134.68, 135.07, 135.34, 136.05, 134.33, 135.26, 135.0, 136.22, 136.1, 135.86, 136.34, 141.66, 135.67, 146.78, 176.25, 142.25, 145.66, 140.56, 145.51, 144.4, 134.32, 134.86, 134.38, 134.25, 135.05, 134.22, 135.14, 135.23, 136.11, 135.89]]
[258, [135.19, 134.29, 135.34, 134.74, 135.75, 135.87, 135.94, 135.8, 135.37, 135.34, 134.79, 136.16, 136.19, 136.37, 145.23, 141.63, 147.5, 144.74, 138.8, 146.77, 143.21, 134.98, 135.12, 134.33, 134.51, 134.9, 135.25, 134.4, 135.06, 135.71, 135.53]]
[262, [134.77, 140.94, 138.9, 135.12, 135.39, 135.72, 135.35, 135.74, 135.86, 136.19, 135.17, 135.59, 137.17, 141.41, 168.79, 141.4, 143.97, 145.11, 147.48, 143.85, 134.63, 134.88, 134.86, 133.96, 136.76, 134.92, 134.55, 135.07, 135.9, 136.04, 135.5]]
[266, [135.11, 138.68, 135.32, 135.26, 135.97, 135.71, 135.79, 136.02, 137.75, 135.17, 135.52, 136.18, 142.48, 149.53, 143.24, 147.51, 149.05, 145.02, 147.22, 145.94, 135.45, 134.37, 134.08, 134.93, 134.99, 134.73, 135.73, 135.74, 136.46, 135.19, 135.29]]
[270, [134.3, 134.59, 135.09, 134.64, 134.52, 135.54, 135.1, 135.13, 135.12, 136.79, 134.99, 136.77, 145.94, 163.98, 141.57, 145.38, 145.39, 145.83, 141.97, 134.43, 134.86, 133.87, 133.95, 134.39, 134.83, 134.37, 134.46, 134.92, 137.31, 135.8, 138.46]]
[274, [135.09, 135.26, 135.98, 138.36, 135.52, 135.37, 140.71, 135.36, 134.93, 134.97, 135.2, 139.26, 153.27, 143.38, 142.57, 148.48, 140.98, 146.54, 146.31, 134.58, 134.32, 134.69, 133.98, 135.03, 133.97, 133.87, 135.97, 141.69, 135.79, 135.55, 136.19]]
[278, [134.19, 135.85, 135.69, 134.54, 135.32, 135.61, 135.06, 136.15, 134.95, 135.65, 136.55, 146.54, 141.14, 147.75, 145.08, 138.61, 146.98, 142.55, 134.42, 135.23, 134.1, 134.77, 134.53, 134.73, 134.61, 134.25, 135.34, 135.37, 134.61, 137.28, 135.42]]
[282, [136.1, 136.11, 135.58, 135.82, 135.91, 135.47, 139.33, 135.14, 135.55, 135.41, 148.76, 146.32, 145.82, 147.91, 146.56, 150.98, 140.65, 142.58, 134.38, 134.52, 134.58, 134.46, 134.71, 134.25, 134.86, 134.78, 135.67, 135.16, 140.62, 136.08, 135.31]]
[286, [135.31, 135.59, 134.9, 134.78, 136.08, 145.08, 135.13, 135.27, 135.63, 136.1, 146.17, 151.86, 146.1, 140.42, 139.44, 139.11, 141.57, 144.43, 133.91, 134.99, 133.82, 134.9, 134.99, 135.07, 135.41, 135.52, 134.68, 135.26, 135.6, 135.86, 137.46]]
[290, [135.0, 135.26, 143.58, 134.97, 141.72, 134.92, 134.79, 149.21, 144.07, 135.89, 135.68, 135.39, 135.36, 135.54, 135.86, 135.74, 136.16, 136.02, 135.83, 135.39, 135.43, 135.2, 136.1, 136.09, 135.9, 136.71, 136.06, 136.05, 150.85, 146.49, 154.17]]
[294, [134.51, 134.89, 136.12, 138.94, 135.53, 141.5, 135.34, 151.21, 156.19, 135.75, 135.41, 136.14, 135.39, 135.26, 135.44, 134.93, 135.34, 136.31, 135.71, 135.47, 135.86, 135.13, 135.31, 135.64, 135.98, 135.49, 136.17, 136.02, 148.89, 148.38, 150.01]]
[298, [135.6, 135.78, 135.01, 134.87, 135.49, 135.2, 142.37, 146.52, 136.22, 135.4, 137.18, 135.87, 136.1, 134.79, 135.46, 135.13, 136.23, 135.74, 137.4, 135.47, 135.27, 135.79, 136.15, 135.42, 135.47, 136.18, 136.03, 135.64, 151.49, 144.81, 136.39]]
[302, [135.44, 135.49, 135.6, 134.88, 134.87, 135.26, 148.67, 144.22, 135.33, 135.31, 135.23, 136.42, 135.26, 135.38, 135.29, 136.34, 135.6, 135.64, 137.48, 135.94, 134.96, 135.19, 135.03, 136.61, 136.2, 135.76, 135.76, 156.18, 145.27, 145.9, 135.22]]
[306, [135.09, 135.94, 135.46, 135.36, 135.04, 146.44, 149.18, 135.25, 136.09, 134.7, 134.95, 135.49, 134.92, 136.07, 135.44, 135.05, 135.89, 135.73, 136.35, 135.1, 135.65, 135.23, 135.35, 135.55, 136.2, 134.95, 139.17, 144.43, 145.53, 145.27, 135.74]]
[310, [136.77, 134.7, 134.79, 135.2, 134.98, 145.92, 150.39, 135.3, 140.87, 135.18, 135.92, 135.67, 135.82, 135.11, 134.88, 134.91, 136.2, 134.79, 134.95, 136.01, 135.27, 135.85, 135.26, 135.36, 136.3, 136.2, 150.21, 135.96, 135.68, 134.78, 137.36]]
[314, [135.2, 135.8, 135.64, 135.09, 147.47, 146.73, 142.74, 135.04, 134.89, 135.41, 135.37, 134.99, 135.88, 135.78, 136.06, 135.53, 135.65, 135.77, 135.31, 135.9, 135.36, 136.44, 134.95, 136.08, 136.16, 138.21, 147.82, 140.52, 145.62, 139.76, 135.11]]
[318, [135.0, 134.59, 134.96, 134.62, 145.4, 144.16, 136.35, 135.0, 135.09, 136.02, 135.7, 135.46, 135.64, 136.32, 135.81, 135.24, 135.01, 136.12, 135.75, 136.39, 135.24, 135.17, 135.41, 135.96, 135.67, 148.07, 146.6, 135.04, 136.02, 144.69, 135.72]]
[322, [137.13, 134.49, 149.36, 148.2, 147.71, 145.65, 135.82, 135.92, 135.8, 135.74, 135.42, 136.13, 136.14, 136.1, 135.74, 135.53, 134.98, 135.16, 135.2, 135.34, 135.13, 135.14, 135.06, 136.23, 150.06, 147.93, 146.08, 139.23, 135.86, 135.83, 135.61]]
[326, [134.93, 135.28, 142.81, 148.98, 150.8, 134.42, 135.38, 135.31, 135.36, 134.89, 135.33, 135.19, 135.38, 134.87, 134.89, 135.85, 135.56, 135.22, 135.19, 135.18, 135.63, 135.48, 135.6, 135.65, 143.25, 145.41, 144.04, 147.75, 140.83, 135.26, 137.26]]
[330, [153.92, 142.89, 139.52, 134.9, 135.42, 136.61, 136.05, 134.64, 135.67, 135.99, 135.91, 135.83, 135.44, 135.28, 135.7, 136.36, 136.27, 135.58, 138.24, 135.09, 135.87, 136.19, 135.78, 135.43, 134.8, 135.44, 134.94, 135.41, 134.07, 134.16, 134.24]]
[334, [141.48, 137.88, 136.02, 135.29, 135.55, 136.57, 135.57, 135.73, 136.18, 135.11, 135.66, 136.1, 135.64, 136.52, 135.93, 136.28, 135.08, 134.75, 136.18, 134.74, 135.42, 135.94, 136.64, 135.82, 134.71, 134.94, 134.68, 134.56, 134.54, 135.24, 133.53]]
[338, [136.78, 136.15, 137.13, 135.53, 134.93, 140.47, 134.65, 135.99, 135.17, 135.9, 136.09, 136.09, 135.53, 135.35, 135.57, 135.43, 135.26, 136.0, 135.78, 135.33, 136.23, 136.07, 136.06, 135.14, 134.41, 135.28, 134.26, 135.16, 134.46, 134.16, 134.18]]
[342, [135.72, 134.99, 135.72, 135.06, 135.8, 136.02, 135.73, 135.05, 134.77, 135.45, 136.24, 136.12, 134.71, 136.34, 136.41, 135.37, 135.42, 134.92, 135.63, 136.17, 135.4, 135.42, 134.15, 135.25, 134.65, 134.47, 134.16, 134.02, 134.43, 137.45, 134.83]]
[346, [135.21, 140.41, 144.49, 134.93, 135.32, 136.34, 135.64, 136.13, 135.62, 136.32, 135.4, 135.57, 135.06, 136.54, 135.28, 135.63, 135.54, 135.11, 136.64, 136.27, 135.86, 135.02, 135.23, 133.99, 134.54, 134.35, 134.54, 134.93, 133.6, 134.41, 134.7]]
[350, [135.49, 137.65, 134.7, 135.45, 135.37, 135.01, 135.93, 135.47, 135.96, 136.34, 136.12, 140.0, 134.68, 134.92, 136.05, 135.81, 135.64, 135.93, 135.61, 135.83, 135.82, 134.77, 135.09, 135.09, 134.18, 133.94, 134.96, 134.23, 135.62, 134.51, 142.31]]
[354, [138.42, 135.23, 135.67, 135.1, 135.02, 135.2, 135.68, 134.97, 135.2, 135.42, 135.01, 135.06, 135.14, 135.44, 136.07, 135.34, 135.88, 135.32, 135.41, 135.32, 134.71, 134.42, 134.35, 134.62, 134.9, 134.45, 134.7, 134.21, 134.6, 134.89, 134.4]]
[358, [135.51, 135.27, 135.87, 134.77, 136.5, 135.05, 136.04, 136.14, 135.54, 135.85, 136.04, 135.75, 135.94, 135.69, 134.93, 136.13, 136.12, 135.52, 135.51, 135.12, 134.25, 134.56, 134.63, 134.64, 134.28, 134.1, 134.28, 133.53, 134.1, 133.77, 134.05]]
[362, [144.25, 134.73, 135.62, 135.96, 135.02, 136.7, 136.13, 135.85, 135.68, 135.93, 135.17, 135.98, 135.82, 135.43, 135.86, 134.85, 135.04, 135.6, 134.84, 135.64, 134.59, 134.87, 134.68, 134.34, 134.81, 134.42, 133.75, 134.22, 134.89, 136.68, 139.18]]
[366, [136.4, 135.87, 135.75, 135.35, 135.47, 135.06, 134.9, 134.86, 136.33, 134.85, 135.05, 135.9, 134.8, 135.3, 135.16, 136.0, 135.47, 135.06, 135.73, 134.6, 135.19, 135.01, 134.83, 134.22, 134.61, 134.88, 137.13, 135.2, 133.8, 134.84, 136.37]]
[370, [135.1, 133.86, 134.07, 134.4, 135.1, 139.35, 133.96, 133.87, 134.93, 134.72, 135.93, 135.15, 134.92, 138.79, 135.97, 135.97, 135.51, 135.38, 136.2, 135.82, 135.8, 135.87, 134.91, 134.66, 135.14, 135.23, 135.01, 134.99, 134.97, 134.96, 134.9]]
[374, [134.39, 133.79, 134.47, 134.87, 137.49, 134.12, 134.44, 134.64, 136.19, 139.18, 135.15, 135.43, 135.24, 136.12, 145.93, 135.23, 134.8, 136.74, 135.73, 136.52, 135.89, 134.06, 134.77, 134.52, 135.88, 135.21, 134.87, 134.95, 135.31, 135.64, 134.06]]
[378, [133.52, 134.34, 135.23, 134.57, 134.66, 134.67, 138.23, 135.58, 135.47, 135.87, 136.45, 135.24, 138.14, 135.57, 134.81, 136.09, 135.43, 135.55, 135.42, 135.98, 135.83, 134.7, 135.15, 134.87, 135.18, 135.12, 136.21, 134.97, 136.34, 134.8, 149.29]]
[382, [133.44, 134.1, 134.52, 135.21, 134.04, 133.66, 134.45, 135.56, 136.0, 135.81, 135.2, 141.4, 134.91, 134.79, 134.6, 135.7, 135.14, 135.72, 135.86, 135.89, 135.13, 134.99, 134.83, 134.42, 134.7, 133.86, 134.67, 134.85, 135.17, 141.8, 134.98]]
[386, [134.13, 134.88, 137.63, 134.36, 134.74, 134.71, 135.67, 134.87, 135.64, 135.61, 135.12, 136.57, 145.33, 136.82, 135.16, 135.95, 135.44, 136.1, 135.57, 134.15, 134.48, 134.69, 135.08, 135.43, 135.09, 134.57, 135.68, 134.8, 134.63, 143.47, 135.92]]
[390, [134.09, 134.54, 135.05, 134.6, 133.54, 135.32, 135.6, 136.51, 135.01, 134.31, 148.78, 136.65, 135.52, 135.06, 135.55, 135.65, 135.68, 136.1, 134.19, 135.32, 134.14, 134.25, 134.53, 136.37, 134.96, 134.57, 135.86, 134.97, 143.21, 134.88, 135.68]]
[394, [133.82, 134.39, 135.13, 134.25, 134.48, 136.23, 134.9, 135.45, 135.48, 134.77, 135.46, 134.67, 136.5, 135.57, 135.07, 135.59, 135.01, 135.92, 134.15, 134.21, 135.37, 134.85, 134.56, 134.71, 134.0, 134.93, 134.09, 137.55, 135.7, 134.74, 135.95]]
[398, [136.3, 134.58, 134.61, 133.35, 134.64, 142.52, 139.75, 135.76, 134.96, 146.74, 137.18, 135.54, 135.83, 135.63, 135.63, 135.3, 135.54, 134.64, 134.42, 135.01, 134.1, 135.39, 134.12, 135.04, 134.39, 134.74, 134.36, 134.08, 135.53, 147.08, 135.82]]
[402, [134.88, 135.18, 133.67, 135.13, 134.83, 135.55, 135.79, 135.88, 141.7, 135.3, 135.13, 134.55, 135.12, 135.48, 135.75, 134.86, 135.7, 134.38, 135.05, 134.04, 135.17, 133.87, 134.76, 134.68, 134.77, 134.68, 137.72, 135.17, 135.03, 135.28, 134.83]]
[406, [133.9, 134.26, 133.52, 135.08, 135.42, 134.71, 135.27, 135.56, 148.08, 136.06, 136.15, 135.71, 136.09, 136.08, 136.03, 136.63, 134.77, 134.73, 134.44, 134.8, 135.18, 135.83, 135.38, 134.1, 135.41, 134.41, 143.35, 135.15, 135.35, 136.33, 136.0]]
[410, [135.12, 146.75, 134.8, 138.48, 134.91, 135.84, 135.76, 134.31, 134.62, 134.57, 135.21, 135.03, 135.22, 135.94, 136.06, 135.36, 136.15, 135.55, 136.08, 135.78, 134.98, 147.17, 135.3, 135.61, 136.35, 135.25, 136.03, 136.3, 135.4, 135.48, 135.2]]
[414, [158.19, 134.29, 145.51, 135.93, 135.31, 135.76, 134.89, 134.72, 135.31, 136.24, 135.49, 135.28, 135.79, 136.26, 135.3, 135.72, 135.81, 136.72, 135.14, 135.65, 135.1, 135.05, 135.53, 135.94, 134.67, 140.31, 135.7, 135.4, 135.88, 135.89, 135.77]]
[418, [147.27, 134.88, 134.57, 138.69, 135.25, 136.61, 134.73, 134.43, 134.55, 135.01, 135.87, 135.33, 136.09, 137.17, 135.55, 135.42, 135.03, 134.96, 136.22, 135.57, 135.96, 135.84, 135.06, 136.29, 134.84, 135.52, 136.22, 134.9, 136.1, 135.28, 136.01]]
[422, [135.62, 135.24, 135.43, 134.69, 135.68, 135.51, 135.06, 134.53, 136.43, 135.94, 136.31, 135.23, 135.28, 135.79, 135.87, 135.64, 136.16, 136.12, 135.61, 135.75, 136.21, 135.79, 135.72, 135.42, 135.0, 136.04, 136.38, 136.88, 135.41, 135.42, 134.88]]
[426, [153.19, 134.5, 134.31, 135.25, 134.34, 134.48, 135.47, 136.6, 135.91, 135.9, 135.45, 135.5, 135.88, 134.95, 135.81, 134.88, 135.24, 136.1, 135.05, 135.7, 135.39, 135.25, 134.94, 135.85, 135.55, 135.27, 135.38, 134.26, 134.54, 135.29, 135.59]]
[430, [133.93, 135.38, 136.42, 134.58, 134.54, 135.43, 136.64, 135.01, 135.71, 134.89, 134.98, 135.08, 135.43, 135.71, 135.17, 135.25, 135.11, 135.68, 135.38, 134.9, 135.95, 134.56, 136.08, 136.08, 135.58, 136.01, 135.24, 134.77, 134.82, 136.19, 134.98]]
[434, [134.5, 134.39, 135.47, 135.62, 135.36, 134.49, 135.77, 135.72, 135.62, 135.44, 135.43, 135.14, 135.76, 134.67, 135.46, 136.17, 135.98, 135.2, 135.36, 136.3, 134.97, 135.4, 135.89, 136.34, 135.35, 136.1, 135.28, 141.92, 134.7, 135.51, 136.11]]
[438, [134.54, 134.61, 135.13, 135.51, 135.51, 135.47, 134.45, 135.31, 135.0, 134.94, 139.01, 135.34, 135.14, 135.61, 135.57, 135.09, 135.12, 135.59, 135.84, 135.51, 135.91, 135.29, 135.21, 135.01, 135.4, 136.06, 135.02, 135.23, 135.62, 135.41, 135.53]]
[442, [134.41, 135.9, 135.45, 135.7, 134.25, 135.25, 136.1, 135.07, 135.56, 138.43, 135.48, 134.65, 135.12, 135.16, 136.68, 135.55, 135.96, 134.92, 135.68, 135.53, 134.69, 135.53, 135.84, 135.81, 136.49, 135.17, 141.81, 134.74, 134.16, 135.61, 135.79]]
[446, [134.54, 135.23, 134.6, 134.52, 135.45, 136.11, 141.61, 135.27, 134.88, 135.51, 134.79, 135.41, 135.12, 135.82, 135.71, 135.81, 135.51, 134.98, 135.78, 135.54, 143.78, 135.05, 135.04, 135.16, 136.02, 134.72, 135.1, 135.72, 134.69, 134.68, 134.79]]
[450, [135.9, 135.01, 135.42, 135.28, 135.38, 134.66, 137.02, 135.63, 150.19, 136.14, 136.02, 134.93, 137.35, 135.76, 135.21, 136.1, 135.54, 135.95, 135.42, 135.91, 136.12, 136.42, 135.65, 134.88, 135.48, 135.86, 135.93, 136.0, 135.04, 135.75, 135.05]]
[454, [134.66, 133.95, 134.9, 134.53, 135.97, 135.4, 135.99, 135.57, 144.95, 136.03, 136.38, 135.99, 135.7, 135.63, 135.97, 136.0, 135.01, 136.24, 135.88, 135.3, 136.46, 136.02, 135.9, 135.16, 135.3, 136.46, 148.93, 140.09, 135.03, 135.97, 135.24]]
[458, [134.2, 135.53, 135.47, 135.5, 134.72, 136.67, 138.34, 150.29, 135.04, 136.29, 135.3, 137.28, 135.87, 135.49, 136.44, 135.32, 135.62, 135.11, 136.32, 136.23, 136.2, 135.24, 135.9, 135.13, 135.95, 136.37, 135.71, 135.32, 135.46, 135.4, 135.16]]
[462, [135.9, 135.07, 134.98, 134.88, 134.87, 135.31, 135.07, 135.51, 135.74, 135.33, 136.13, 135.98, 136.52, 135.01, 135.5, 135.79, 135.8, 135.54, 136.61, 136.48, 135.1, 135.73, 135.07, 135.39, 135.08, 135.72, 135.45, 135.44, 135.1, 136.22, 135.66]]
[466, [134.58, 135.11, 136.48, 135.21, 136.0, 146.61, 143.81, 134.9, 134.42, 135.91, 135.67, 134.99, 135.27, 135.32, 135.47, 135.12, 135.71, 135.12, 135.44, 135.8, 135.42, 135.75, 135.04, 135.47, 137.11, 146.37, 135.07, 136.07, 137.57, 136.16, 136.48]]
[470, [134.44, 134.98, 135.96, 135.81, 139.69, 140.54, 135.11, 135.39, 135.72, 135.01, 135.96, 135.73, 136.05, 135.64, 135.96, 135.79, 135.11, 135.92, 135.51, 135.43, 135.42, 134.93, 136.34, 145.59, 144.53, 135.07, 135.79, 138.52, 135.6, 135.76, 134.78]]
[474, [135.66, 134.82, 136.01, 134.79, 135.62, 136.42, 136.68, 135.3, 136.28, 135.99, 135.54, 134.88, 135.8, 135.98, 135.3, 135.47, 135.6, 135.11, 135.84, 135.61, 136.0, 135.48, 135.21, 134.8, 135.66, 135.67, 140.39, 140.51, 134.88, 135.3, 138.08]]
[478, [135.39, 135.29, 134.38, 145.69, 152.17, 134.92, 135.54, 134.66, 135.6, 134.92, 135.61, 135.42, 135.26, 135.52, 136.39, 136.19, 135.19, 135.67, 135.47, 135.7, 135.18, 134.78, 151.92, 134.97, 135.44, 135.67, 135.36, 134.92, 135.54, 135.62, 134.81]]
[482, [134.71, 135.57, 136.98, 135.34, 135.42, 135.48, 135.86, 135.36, 136.01, 135.61, 135.47, 135.43, 135.78, 134.97, 135.54, 135.67, 135.91, 136.37, 135.55, 136.03, 135.72, 135.44, 135.2, 135.04, 135.73, 135.4, 135.52, 134.66, 135.07, 135.51, 135.52]]
[486, [135.86, 134.4, 135.35, 154.0, 135.72, 135.89, 144.85, 135.14, 135.24, 136.44, 135.61, 135.35, 135.82, 135.07, 135.31, 135.74, 135.6, 135.71, 136.21, 135.39, 134.84, 152.07, 135.69, 135.75, 135.57, 135.54, 135.47, 134.52, 134.69, 134.81, 134.53]]
[490, [135.26, 134.98, 133.99, 135.31, 134.76, 134.9, 135.03, 135.1, 135.82, 135.33, 134.46, 134.39, 134.9, 136.02, 134.43, 135.92, 134.28, 135.0, 134.26, 135.28, 154.06, 134.38, 146.06, 145.89, 134.57, 134.33, 134.77, 134.38, 152.54, 135.91, 135.29]]
[494, [135.28, 135.44, 135.77, 135.06, 134.38, 134.99, 135.41, 135.72, 135.12, 142.63, 134.41, 134.9, 135.7, 135.65, 135.72, 135.67, 135.36, 134.95, 135.42, 134.78, 134.58, 133.98, 153.33, 135.68, 149.45, 153.57, 133.67, 134.99, 135.46, 135.64, 135.24]]
[498, [134.82, 134.95, 135.07, 135.7, 135.37, 134.94, 136.82, 135.46, 134.68, 135.73, 135.06, 134.4, 135.99, 135.43, 134.91, 133.78, 134.44, 134.7, 134.81, 141.35, 135.4, 139.48, 147.57, 134.96, 135.13, 136.75, 153.84, 134.77, 135.75, 136.04, 134.52]]
[502, [135.16, 134.58, 135.29, 134.1, 135.7, 134.97, 135.27, 135.39, 135.62, 136.07, 134.72, 135.36, 135.6, 134.91, 134.33, 134.44, 135.28, 135.76, 159.4, 134.31, 140.63, 134.35, 134.44, 134.49, 145.85, 134.65, 136.04, 139.79, 135.29, 134.58, 134.91]]
[506, [134.45, 135.1, 134.84, 135.19, 134.67, 135.17, 134.78, 135.73, 135.72, 134.7, 135.29, 135.71, 134.67, 133.56, 135.07, 135.32, 135.39, 153.03, 134.17, 146.69, 142.71, 135.05, 134.97, 134.84, 135.06, 134.27, 140.24, 135.16, 135.78, 183.53, 134.63]]
[510, [134.94, 135.74, 135.26, 135.26, 134.95, 136.55, 141.36, 135.98, 134.93, 136.94, 136.04, 135.0, 134.06, 135.25, 135.88, 136.36, 138.45, 135.47, 135.22, 145.81, 135.09, 134.81, 134.79, 134.26, 134.43, 135.89, 136.23, 148.83, 135.83, 135.3, 134.77]]
[514, [134.7, 134.38, 135.07, 135.25, 135.66, 135.46, 135.9, 135.15, 134.36, 135.44, 135.69, 135.48, 134.35, 135.84, 135.21, 133.93, 135.14, 134.31, 139.98, 135.1, 135.01, 134.0, 134.1, 134.34, 135.83, 135.28, 134.78, 135.37, 139.84, 159.22, 135.2]]
[518, [134.84, 137.22, 134.61, 135.45, 135.18, 134.67, 135.17, 134.71, 135.05, 135.42, 135.43, 133.96, 134.32, 134.57, 134.01, 134.91, 134.7, 135.1, 140.93, 155.52, 133.87, 134.41, 134.88, 134.34, 135.88, 134.89, 155.9, 135.26, 135.02, 156.2, 162.74]]
[522, [134.33, 134.55, 134.87, 135.2, 135.37, 135.62, 134.02, 137.56, 135.56, 135.31, 134.71, 134.99, 134.97, 134.43, 136.17, 134.27, 155.04, 143.58, 135.21, 134.44, 136.24, 135.05, 134.48, 136.45, 135.64, 135.66, 135.73, 134.56, 134.73, 170.92, 135.1]]
[526, [135.12, 135.75, 135.4, 135.86, 141.48, 135.67, 134.66, 136.42, 135.7, 135.42, 134.28, 134.65, 135.21, 134.55, 137.11, 136.0, 134.64, 146.29, 134.47, 134.69, 134.21, 134.59, 134.94, 162.82, 135.63, 148.69, 135.28, 135.14, 134.86, 134.65, 134.61]]
[530, [135.57, 135.46, 135.08, 144.33, 135.97, 164.73, 135.98, 134.71, 141.07, 157.93, 135.69, 134.67, 135.95, 134.75, 136.05, 135.18, 135.27, 134.78, 136.0, 135.99, 136.67, 135.17, 136.7, 136.36, 135.99, 135.83, 136.1, 135.23, 135.65, 135.77, 135.17]]
[534, [134.71, 161.53, 135.59, 134.34, 135.15, 134.93, 135.3, 135.93, 135.01, 134.7, 135.27, 135.31, 135.84, 135.76, 135.41, 135.55, 135.77, 136.09, 135.73, 135.84, 135.3, 136.04, 135.58, 136.05, 135.67, 135.48, 135.61, 135.27, 135.4, 135.43, 135.6]]
[538, [146.46, 134.8, 154.45, 135.53, 134.57, 134.9, 134.85, 135.07, 134.7, 134.45, 135.22, 136.06, 134.99, 134.79, 135.89, 136.04, 135.05, 135.86, 135.83, 135.13, 135.71, 135.91, 136.12, 134.97, 135.72, 135.16, 135.16, 135.28, 135.25, 135.56, 135.46]]
[542, [135.49, 141.24, 147.67, 135.88, 135.37, 166.39, 135.44, 136.87, 149.04, 134.84, 135.48, 135.83, 135.9, 135.26, 135.65, 136.02, 135.09, 135.75, 135.74, 136.22, 136.09, 135.65, 135.59, 135.41, 135.67, 135.01, 135.52, 136.05, 134.77, 136.25, 135.64]]
[546, [134.98, 134.15, 163.28, 135.64, 136.07, 135.7, 134.63, 135.52, 134.77, 139.38, 135.11, 136.21, 136.21, 135.42, 135.49, 135.76, 136.06, 135.83, 134.75, 136.05, 135.64, 135.81, 135.06, 135.57, 135.9, 135.24, 134.9, 136.01, 134.99, 134.76, 135.05]]
[550, [138.61, 135.09, 135.85, 135.26, 135.73, 153.52, 136.0, 135.14, 134.87, 136.25, 136.15, 142.42, 135.67, 135.47, 135.44, 136.25, 136.0, 136.08, 135.7, 144.75, 135.97, 135.91, 136.6, 135.82, 135.02, 134.82, 140.73, 134.94, 135.19, 134.73, 135.23]]
[554, [134.78, 135.59, 135.03, 136.22, 135.03, 135.15, 134.95, 135.03, 135.85, 135.33, 135.73, 135.59, 134.78, 135.5, 135.34, 135.39, 136.02, 134.74, 134.82, 135.01, 135.35, 135.37, 135.55, 135.37, 135.84, 135.56, 135.99, 138.27, 135.04, 137.12, 136.34]]
[558, [134.97, 135.39, 134.96, 135.99, 151.7, 135.58, 135.13, 135.14, 135.71, 135.16, 134.64, 135.42, 136.43, 135.98, 135.81, 136.39, 135.15, 135.08, 145.0, 136.41, 135.58, 135.79, 136.53, 136.07, 135.86, 140.91, 134.64, 135.46, 134.71, 135.15, 135.41]]
[562, [134.55, 134.74, 135.27, 134.53, 134.77, 134.83, 134.81, 135.03, 135.3, 135.16, 135.87, 135.83, 135.45, 135.34, 135.16, 134.83, 135.93, 135.81, 135.22, 135.16, 135.61, 135.57, 135.57, 135.65, 136.62, 135.8, 135.18, 142.55, 136.2, 140.01, 135.27]]
[566, [135.31, 141.68, 135.38, 153.08, 135.27, 135.3, 135.75, 135.96, 135.64, 142.6, 135.97, 136.32, 135.63, 135.37, 135.17, 135.7, 135.99, 144.59, 136.69, 135.16, 136.12, 135.24, 136.24, 135.12, 134.75, 135.16, 135.18, 135.01, 135.11, 135.27, 138.29]]
[570, [135.08, 135.51, 134.82, 134.58, 134.57, 134.86, 135.25, 134.78, 135.18, 135.69, 138.06, 135.49, 136.8, 136.33, 134.69, 135.8, 136.1, 135.15, 134.75, 134.86, 135.3, 136.09, 135.18, 135.69, 135.73, 135.41, 135.23, 134.9, 134.75, 134.85, 135.34]]
[574, [134.61, 134.75, 135.14, 140.26, 135.22, 135.49, 135.42, 136.74, 135.74, 135.02, 135.36, 136.29, 135.6, 136.18, 135.3, 134.93, 136.14, 135.52, 136.15, 134.96, 135.32, 135.77, 135.58, 135.23, 135.49, 135.81, 135.92, 134.81, 134.89, 134.94, 134.15]]
[578, [135.77, 136.28, 134.7, 134.02, 135.94, 141.39, 135.46, 136.14, 135.77, 134.84, 136.51, 135.05, 135.84, 135.62, 135.39, 136.11, 135.66, 135.7, 135.65, 135.3, 135.89, 135.35, 136.1, 136.16, 135.97, 135.44, 135.78, 134.41, 135.14, 134.51, 134.78]]
[582, [135.18, 135.07, 135.43, 135.27, 135.08, 135.51, 135.89, 135.32, 135.35, 134.88, 135.11, 136.05, 135.84, 136.04, 136.19, 134.97, 135.84, 135.43, 135.47, 134.75, 135.15, 135.78, 135.23, 135.37, 135.88, 134.17, 134.21, 134.68, 134.82, 134.11, 133.79]]
[586, [135.98, 135.23, 134.81, 135.7, 134.45, 135.74, 135.92, 137.38, 134.74, 135.96, 135.38, 136.09, 135.78, 135.02, 135.76, 135.38, 135.84, 135.24, 135.87, 135.08, 135.76, 136.06, 135.33, 134.71, 134.97, 134.92, 135.54, 134.12, 133.89, 135.36, 136.79]]
[590, [134.72, 135.16, 140.28, 134.43, 136.15, 135.52, 134.82, 135.08, 136.88, 134.94, 136.07, 135.58, 135.28, 136.23, 135.35, 136.07, 135.27, 135.99, 134.85, 135.47, 135.1, 135.87, 135.62, 135.85, 134.92, 134.99, 133.96, 133.51, 134.03, 134.54, 134.11]]
[594, [135.42, 136.13, 135.23, 135.01, 134.97, 134.79, 134.75, 135.57, 136.15, 135.76, 137.15, 134.98, 135.89, 135.92, 135.69, 135.3, 135.97, 135.18, 134.8, 135.74, 134.99, 135.05, 135.93, 134.35, 134.1, 134.72, 134.15, 133.89, 133.88, 137.39, 135.48]]
[598, [138.74, 140.01, 135.73, 135.66, 135.2, 134.7, 135.27, 137.18, 134.81, 135.69, 135.12, 135.32, 135.5, 135.67, 135.29, 135.7, 135.19, 134.91, 135.75, 135.66, 135.26, 136.12, 135.03, 134.34, 135.1, 134.53, 134.12, 133.38, 133.53, 134.33, 135.25]]
[602, [134.54, 136.11, 135.84, 135.17, 134.72, 135.32, 135.11, 135.56, 137.42, 134.95, 135.44, 135.05, 136.04, 136.66, 135.51, 135.32, 135.35, 134.77, 135.43, 135.43, 135.16, 135.62, 134.35, 134.86, 133.55, 137.23, 133.62, 133.81, 133.76, 134.56, 136.01]]
[606, [142.45, 135.14, 134.8, 134.72, 135.21, 135.61, 135.62, 135.92, 146.55, 134.5, 135.4, 135.5, 135.44, 135.37, 135.0, 136.1, 135.13, 134.82, 134.95, 135.18, 135.47, 134.12, 134.06, 134.92, 134.38, 134.32, 133.71, 133.5, 134.48, 135.16, 135.45]]
[610, [133.84, 134.66, 134.28, 134.03, 135.16, 135.34, 134.92, 135.68, 135.09, 134.79, 135.38, 135.87, 134.98, 139.57, 135.88, 136.07, 135.32, 139.2, 135.43, 135.32, 134.38, 134.91, 134.83, 135.25, 134.5, 135.44, 135.5, 135.24, 136.08, 135.54, 136.28]]
[614, [133.81, 133.98, 133.89, 139.49, 134.34, 134.52, 135.53, 134.66, 134.95, 135.28, 134.89, 135.59, 134.44, 136.22, 136.29, 135.33, 134.72, 135.41, 135.08, 134.7, 134.92, 134.67, 135.07, 135.7, 135.09, 136.02, 135.83, 136.06, 135.83, 135.52, 136.04]]
[618, [133.59, 134.41, 138.81, 133.43, 134.79, 136.63, 134.79, 134.07, 134.29, 134.74, 135.6, 135.69, 134.71, 135.36, 135.55, 135.06, 134.33, 135.29, 134.81, 134.92, 135.22, 134.92, 135.32, 134.94, 135.05, 135.66, 134.76, 135.13, 136.19, 135.55, 135.72]]
[622, [134.49, 133.86, 135.28, 135.43, 136.56, 136.83, 135.27, 135.3, 135.27, 135.45, 134.67, 135.21, 135.72, 136.01, 148.07, 134.82, 134.51, 134.38, 134.97, 135.06, 134.93, 134.37, 134.32, 135.54, 135.97, 135.98, 135.29, 135.88, 135.28, 135.15, 135.17]]
[626, [133.47, 135.07, 135.02, 134.22, 140.35, 135.85, 134.96, 135.46, 135.21, 135.62, 135.39, 135.7, 135.84, 135.08, 135.15, 134.59, 134.1, 134.79, 134.17, 135.37, 134.26, 134.77, 135.79, 135.27, 136.24, 136.07, 135.11, 136.17, 135.67, 134.9, 135.13]]
[630, [135.25, 135.35, 134.98, 134.48, 135.86, 135.28, 134.76, 135.63, 135.44, 134.99, 135.33, 135.36, 135.36, 134.59, 134.46, 134.27, 134.63, 134.93, 134.81, 134.32, 135.07, 135.65, 135.13, 135.18, 134.92, 134.63, 134.73, 134.79, 134.46, 135.65, 135.18]]
[634, [135.65, 142.18, 134.86, 135.77, 135.74, 134.77, 134.99, 135.19, 138.59, 136.03, 135.43, 135.4, 135.0, 134.41, 134.27, 134.12, 134.89, 134.45, 134.98, 134.61, 135.17, 135.02, 135.47, 135.04, 136.21, 135.22, 134.45, 136.27, 135.71, 135.48, 134.53]]
[638, [136.42, 135.67, 134.79, 135.02, 135.38, 134.6, 135.93, 134.3, 135.6, 135.75, 135.04, 134.91, 135.55, 135.31, 134.25, 134.2, 134.1, 134.46, 135.05, 135.4, 136.27, 135.56, 135.38, 136.16, 135.8, 136.21, 135.0, 134.27, 141.14, 135.46, 135.12]]
[642, [135.44, 165.22, 135.28, 134.89, 134.64, 135.24, 135.01, 135.06, 135.78, 134.84, 134.83, 134.03, 134.37, 134.87, 134.61, 135.08, 135.12, 135.34, 134.56, 135.26, 135.4, 135.1, 135.45, 135.52, 135.15, 134.48, 135.73, 136.56, 143.56, 136.33, 135.7]]
[646, [140.74, 135.94, 135.87, 135.05, 135.75, 135.74, 135.2, 135.79, 135.34, 134.85, 134.92, 134.65, 134.67, 135.06, 134.31, 134.6, 135.27, 134.91, 135.42, 135.32, 134.84, 135.9, 135.8, 135.62, 134.79, 135.84, 135.3, 136.04, 135.42, 151.23, 135.14]]
[650, [135.71, 136.02, 134.95, 134.75, 135.43, 135.85, 135.31, 135.11, 135.86, 135.16, 135.62, 135.56, 135.51, 135.22, 135.4, 135.83, 136.43, 135.43, 136.09, 135.91, 135.7, 135.1, 137.58, 135.26, 138.1, 135.82, 135.88, 135.5, 135.87, 136.37, 135.4]]
[654, [138.15, 135.61, 134.51, 135.02, 135.34, 136.01, 136.97, 135.85, 135.64, 135.62, 135.32, 136.12, 136.04, 135.22, 136.34, 135.53, 135.72, 135.13, 135.88, 135.78, 135.48, 136.59, 135.59, 135.45, 135.39, 135.35, 135.53, 136.11, 135.74, 135.33, 135.76]]
[658, [134.48, 135.52, 135.58, 135.6, 135.15, 135.01, 135.73, 135.69, 135.19, 135.0, 135.75, 135.8, 136.09, 135.22, 135.55, 134.94, 134.98, 137.27, 135.34, 136.19, 136.16, 136.02, 136.15, 136.01, 135.0, 135.77, 135.5, 136.1, 135.08, 134.97, 135.7]]
[662, [135.65, 135.17, 135.28, 134.57, 135.78, 135.0, 136.1, 134.61, 135.55, 135.35, 136.03, 135.94, 135.01, 135.88, 135.64, 135.9, 135.59, 135.77, 135.53, 135.02, 136.59, 135.19, 135.09, 136.23, 135.93, 135.19, 135.92, 135.9, 135.92, 135.88, 134.98]]
[666, [134.45, 135.44, 134.65, 135.36, 142.44, 135.7, 134.72, 137.03, 135.75, 134.88, 137.07, 136.33, 134.94, 136.07, 135.5, 135.58, 135.52, 135.22, 135.55, 135.41, 135.85, 135.55, 136.01, 135.13, 136.22, 135.14, 135.18, 135.46, 135.83, 135.6, 135.76]]
[670, [135.36, 151.3, 134.92, 147.88, 135.85, 137.62, 134.83, 135.27, 135.4, 135.72, 135.68, 135.27, 135.16, 135.3, 136.13, 135.31, 136.13, 135.48, 135.9, 136.38, 136.05, 136.27, 135.25, 135.42, 135.66, 135.16, 134.75, 134.63, 135.97, 135.57, 135.21]]
[674, [135.97, 141.19, 134.77, 135.8, 134.83, 135.01, 135.74, 135.79, 135.93, 135.42, 135.54, 135.8, 135.97, 135.12, 135.25, 136.48, 135.32, 136.23, 135.87, 134.74, 135.49, 135.14, 135.55, 135.66, 134.94, 136.04, 134.54, 135.16, 135.13, 134.35, 134.43]]
[678, [134.79, 135.03, 134.69, 135.84, 136.28, 135.71, 135.46, 138.26, 134.54, 136.2, 135.43, 135.11, 135.38, 135.79, 135.83, 135.31, 136.36, 135.44, 135.81, 134.84, 135.93, 135.71, 135.39, 135.58, 135.28, 135.87, 135.52, 135.67, 136.18, 135.87, 135.88]]
[682, [135.07, 135.43, 135.39, 134.74, 135.15, 135.86, 135.2, 136.41, 134.77, 135.88, 136.01, 135.96, 135.59, 135.08, 134.95, 135.8, 135.68, 135.57, 136.06, 135.25, 135.23, 135.77, 135.53, 135.24, 135.49, 135.56, 134.24, 134.35, 135.34, 134.39, 135.41]]
[686, [136.73, 135.84, 134.92, 135.55, 135.22, 135.45, 135.39, 135.51, 135.18, 135.2, 135.55, 135.46, 135.64, 135.88, 134.97, 137.12, 135.3, 137.67, 136.0, 135.31, 136.17, 135.86, 136.42, 135.41, 135.49, 135.67, 134.87, 135.5, 134.78, 134.95, 135.84]]
[690, [135.42, 135.64, 134.46, 134.56, 135.63, 135.65, 134.91, 135.57, 135.79, 137.02, 135.51, 135.03, 135.44, 135.34, 135.47, 135.95, 135.39, 136.47, 134.99, 136.17, 135.99, 135.46, 135.05, 135.68, 135.89, 135.76, 135.13, 135.05, 135.95, 136.32, 135.25]]
[694, [134.93, 140.48, 135.45, 134.64, 137.81, 134.85, 136.04, 135.96, 135.38, 136.17, 135.33, 135.19, 140.22, 135.47, 134.87, 136.29, 135.35, 135.8, 135.29, 135.91, 135.18, 135.6, 135.81, 135.48, 135.38, 134.93, 135.62, 135.61, 135.25, 135.15, 136.2]]
[698, [134.94, 134.29, 134.65, 136.67, 138.37, 135.75, 137.35, 135.76, 135.83, 135.07, 134.92, 136.73, 134.52, 135.14, 135.93, 135.23, 135.2, 134.83, 135.41, 135.11, 135.57, 135.22, 135.29, 135.82, 135.05, 134.77, 134.8, 135.73, 135.88, 135.27, 134.63]]
[702, [134.41, 135.69, 134.44, 135.55, 135.69, 134.6, 135.94, 134.67, 135.29, 135.24, 135.36, 135.32, 135.8, 135.48, 134.71, 135.51, 136.15, 134.97, 135.33, 135.91, 135.09, 134.75, 134.86, 143.06, 135.34, 136.15, 135.99, 135.35, 135.42, 134.64, 134.74]]
[706, [134.85, 134.61, 134.73, 135.08, 135.09, 135.44, 135.88, 135.1, 136.33, 135.45, 135.86, 138.51, 136.76, 135.82, 135.89, 136.01, 136.39, 135.43, 135.85, 135.78, 135.65, 135.33, 135.83, 135.17, 135.59, 136.07, 135.34, 135.17, 136.4, 135.1, 135.49]]
[710, [135.96, 134.99, 135.72, 135.54, 135.69, 134.75, 135.03, 135.41, 135.67, 135.58, 135.45, 135.83, 135.65, 136.58, 135.34, 134.9, 135.91, 134.75, 134.7, 135.53, 135.01, 135.23, 134.8, 134.76, 135.71, 134.75, 134.7, 135.52, 135.23, 134.37, 135.28]]
[714, [135.81, 134.88, 134.61, 135.05, 134.5, 134.86, 137.55, 135.3, 135.19, 134.71, 135.37, 134.72, 135.27, 135.57, 135.35, 135.44, 135.6, 136.02, 134.99, 134.85, 135.54, 135.58, 135.91, 135.6, 135.24, 135.51, 142.42, 135.33, 134.78, 135.57, 135.22]]
[718, [135.42, 142.69, 135.39, 135.36, 137.05, 134.95, 135.64, 135.54, 136.08, 135.71, 135.65, 135.83, 135.45, 135.94, 135.69, 136.09, 135.48, 135.15, 135.8, 135.9, 136.2, 135.82, 135.69, 135.86, 135.33, 138.8, 135.06, 135.18, 135.23, 135.1, 135.27]]
[722, [135.71, 135.26, 135.74, 135.7, 134.93, 135.79, 135.82, 134.81, 135.35, 136.28, 136.18, 135.3, 136.4, 135.71, 135.46, 136.29, 135.22, 135.42, 134.91, 135.1, 134.94, 135.03, 135.54, 134.88, 134.66, 135.83, 134.93, 135.74, 134.99, 136.3, 135.72]]
[726, [134.89, 135.9, 135.62, 134.99, 135.66, 135.8, 135.59, 135.12, 135.23, 135.04, 136.61, 135.47, 134.8, 135.42, 135.54, 135.78, 135.86, 135.05, 135.9, 135.35, 135.12, 135.41, 135.65, 134.87, 135.59, 135.99, 135.28, 135.14, 135.02, 135.84, 136.17]]
[730, [135.05, 134.85, 135.01, 134.13, 134.95, 135.29, 135.56, 136.61, 135.83, 138.41, 134.94, 134.59, 134.52, 135.12, 134.86, 135.07, 135.29, 135.4, 135.21, 135.09, 135.37, 135.06, 135.99, 136.18, 136.32, 135.9, 136.14, 135.15, 135.87, 135.21, 135.03]]
[734, [135.15, 136.4, 135.1, 134.63, 134.75, 134.7, 135.0, 135.48, 141.5, 137.97, 137.95, 135.07, 133.89, 135.35, 134.63, 135.15, 134.31, 135.01, 135.55, 136.22, 135.5, 135.74, 136.61, 135.43, 135.51, 136.01, 135.8, 135.48, 136.18, 135.92, 135.8]]
[738, [134.5, 134.99, 134.11, 134.8, 134.34, 135.24, 134.99, 135.78, 134.64, 134.46, 134.59, 134.55, 134.98, 135.25, 134.04, 134.34, 134.54, 134.34, 135.6, 135.07, 134.81, 135.01, 135.63, 135.25, 135.87, 136.14, 134.99, 135.7, 135.89, 135.72, 134.95]]
[742, [134.88, 135.24, 134.76, 135.57, 135.48, 135.5, 135.87, 135.52, 134.52, 134.66, 134.57, 134.65, 134.43, 134.5, 135.27, 134.61, 134.64, 136.04, 135.89, 135.71, 136.32, 135.8, 135.39, 136.36, 135.88, 135.65, 135.65, 136.41, 135.97, 135.72, 135.48]]
[746, [134.85, 134.89, 134.51, 135.57, 134.54, 135.18, 134.24, 134.74, 135.05, 134.54, 134.32, 134.65, 134.13, 134.63, 134.31, 134.61, 135.19, 135.01, 135.61, 136.26, 135.93, 135.5, 135.73, 135.13, 136.17, 135.48, 135.67, 135.61, 135.34, 135.45, 135.35]]
[750, [135.71, 134.83, 135.76, 135.32, 135.97, 134.74, 134.33, 135.41, 139.98, 134.38, 134.39, 134.87, 134.47, 136.7, 134.19, 134.79, 136.19, 135.84, 135.36, 135.21, 135.52, 135.44, 136.33, 136.27, 134.99, 135.09, 135.16, 135.42, 135.31, 135.01, 134.63]]
[754, [134.95, 134.99, 135.93, 135.77, 134.88, 134.79, 134.65, 134.56, 134.92, 134.45, 134.98, 135.07, 134.39, 133.89, 134.1, 135.23, 135.68, 135.48, 136.45, 136.0, 135.85, 135.28, 135.45, 135.36, 136.36, 136.18, 135.24, 138.71, 134.97, 135.21, 149.53]]
[758, [134.74, 162.0, 135.62, 139.87, 136.56, 135.91, 134.69, 134.2, 134.22, 135.13, 134.77, 133.81, 134.23, 134.37, 134.91, 135.61, 136.17, 141.03, 135.56, 135.78, 135.35, 135.34, 135.87, 135.05, 134.88, 134.5, 134.95, 135.47, 137.67, 140.76, 135.47]]
[762, [134.98, 135.15, 135.34, 134.65, 134.95, 135.22, 134.32, 135.29, 134.78, 135.17, 134.35, 134.55, 133.9, 134.88, 136.03, 135.49, 135.04, 135.83, 135.87, 135.31, 134.74, 135.19, 135.7, 135.35, 135.2, 134.8, 135.33, 134.94, 134.91, 134.77, 134.94]]
[766, [136.13, 135.12, 135.18, 135.1, 135.04, 134.4, 134.53, 134.76, 133.71, 135.13, 138.27, 134.82, 134.72, 135.43, 134.78, 135.85, 135.5, 135.23, 134.76, 135.64, 135.11, 135.58, 136.28, 134.95, 134.52, 134.93, 137.02, 135.22, 136.12, 135.61, 136.04]]
[770, [134.65, 135.14, 135.19, 135.2, 135.16, 135.29, 135.26, 140.08, 136.57, 135.47, 135.69, 135.7, 135.27, 135.21, 134.46, 135.77, 134.39, 134.47, 134.82, 135.03, 134.65, 135.17, 135.64, 134.91, 134.68, 136.12, 134.5, 135.11, 136.0, 135.48, 134.85]]
[774, [134.9, 135.09, 137.25, 135.43, 136.01, 135.54, 136.31, 135.57, 135.69, 135.6, 135.18, 135.45, 135.28, 134.96, 134.24, 134.75, 134.21, 134.66, 134.58, 134.73, 134.75, 134.67, 135.34, 135.01, 135.16, 135.38, 133.86, 135.13, 135.51, 135.46, 133.99]]
[778, [135.94, 135.01, 135.41, 135.58, 134.57, 135.06, 135.49, 135.58, 134.81, 134.65, 135.43, 142.26, 134.87, 135.03, 134.73, 134.32, 134.39, 135.29, 134.8, 134.25, 135.05, 134.7, 135.26, 135.46, 134.6, 135.67, 135.09, 135.3, 134.47, 135.02, 133.66]]
[782, [135.02, 134.41, 135.11, 134.62, 135.6, 136.86, 134.9, 135.44, 135.83, 135.75, 135.06, 135.14, 133.66, 134.88, 134.51, 134.49, 135.23, 134.05, 141.1, 134.94, 134.86, 134.65, 135.28, 134.93, 135.4, 134.78, 136.12, 134.55, 134.77, 134.5, 133.97]]
[786, [134.72, 135.03, 134.58, 135.68, 134.74, 135.12, 135.27, 134.67, 136.14, 135.72, 134.2, 133.81, 134.15, 135.28, 135.69, 134.7, 135.63, 134.58, 135.2, 134.0, 135.3, 134.92, 134.89, 134.28, 134.73, 135.31, 134.73, 140.34, 140.18, 138.99, 135.57]]
[790, [134.74, 135.58, 136.92, 135.2, 135.6, 134.72, 135.63, 135.94, 139.93, 133.97, 135.88, 134.9, 135.74, 133.74, 134.01, 136.06, 135.15, 135.34, 135.03, 134.05, 134.96, 134.81, 135.7, 134.91, 135.79, 134.91, 134.09, 133.66, 135.06, 134.63, 134.85]]
[794, [135.05, 135.59, 138.75, 135.62, 136.53, 135.44, 135.6, 135.54, 134.64, 134.29, 134.03, 134.98, 133.84, 134.8, 135.33, 134.77, 134.43, 134.49, 134.2, 135.03, 134.45, 134.83, 134.44, 136.04, 134.3, 135.59, 135.33, 136.99, 134.42, 134.72, 134.12]]
[798, [138.49, 135.25, 134.83, 134.96, 135.35, 135.07, 136.8, 135.99, 134.89, 134.47, 135.24, 134.72, 134.84, 135.05, 135.08, 135.26, 134.66, 134.43, 134.13, 135.24, 134.75, 133.93, 135.83, 135.5, 136.62, 142.29, 135.02, 136.41, 134.46, 134.7, 134.71]]
[802, [135.57, 134.47, 134.73, 135.32, 135.56, 135.35, 135.58, 134.56, 134.17, 134.59, 134.68, 135.18, 134.0, 134.87, 134.9, 134.34, 135.01, 134.58, 134.36, 134.63, 135.22, 134.05, 135.52, 140.74, 134.32, 136.13, 133.99, 135.97, 134.81, 134.48, 134.46]]
[806, [134.86, 135.46, 134.92, 135.43, 136.35, 140.01, 135.22, 136.14, 135.38, 135.04, 134.35, 135.01, 135.34, 135.54, 135.8, 135.54, 135.06, 134.45, 135.29, 136.15, 134.73, 136.25, 134.71, 134.37, 133.67, 140.19, 134.45, 133.51, 135.36, 134.21, 135.16]]
[810, [134.41, 134.17, 134.27, 133.95, 144.74, 133.85, 135.27, 133.85, 134.61, 135.64, 134.89, 134.74, 135.86, 134.75, 135.13, 134.61, 134.45, 135.56, 135.44, 135.34, 135.28, 134.74, 135.59, 135.39, 135.52, 136.98, 135.42, 135.14, 135.64, 135.11, 142.38]]
[814, [133.64, 133.96, 138.6, 134.29, 134.01, 134.83, 135.61, 134.62, 135.83, 135.08, 135.73, 135.05, 135.46, 135.36, 136.03, 134.15, 135.02, 134.75, 134.5, 134.87, 135.41, 134.48, 135.24, 135.1, 136.06, 135.68, 135.42, 135.64, 135.33, 135.35, 133.94]]
[818, [134.28, 135.2, 133.78, 134.8, 134.8, 134.88, 134.63, 134.44, 135.44, 137.31, 135.06, 135.61, 135.03, 135.36, 135.96, 134.21, 134.97, 135.1, 134.84, 134.38, 134.66, 134.98, 134.7, 134.79, 135.31, 135.16, 134.99, 135.57, 135.13, 137.75, 136.36]]
[822, [133.97, 134.63, 134.03, 134.2, 134.54, 134.12, 135.46, 134.71, 134.72, 135.81, 135.56, 135.7, 135.66, 134.58, 134.27, 134.34, 135.29, 135.5, 134.59, 134.98, 133.85, 135.36, 134.68, 134.9, 135.88, 135.44, 135.66, 134.7, 135.78, 134.89, 134.83]]
[826, [133.85, 134.27, 134.95, 139.3, 134.02, 135.69, 135.07, 134.61, 134.56, 134.73, 135.4, 135.62, 135.12, 134.64, 134.68, 134.08, 134.5, 134.02, 134.62, 134.77, 135.49, 135.18, 135.74, 136.08, 135.2, 134.3, 135.4, 144.73, 133.77, 134.49, 142.01]]
[830, [133.72, 140.56, 134.76, 134.77, 135.62, 135.87, 134.57, 135.8, 135.03, 135.52, 135.46, 135.69, 134.03, 134.17, 135.07, 135.16, 134.88, 134.99, 134.86, 134.6, 136.26, 136.09, 136.63, 135.07, 135.83, 137.64, 134.07, 136.51, 134.33, 134.56, 133.73]]
[834, [137.23, 137.66, 135.9, 134.84, 135.41, 136.02, 135.68, 135.59, 135.07, 135.08, 134.81, 133.97, 134.95, 135.05, 134.75, 134.19, 135.01, 134.31, 134.62, 136.12, 135.1, 136.87, 134.97, 135.19, 134.74, 134.15, 134.27, 134.37, 134.84, 135.37, 139.53]]
[838, [139.69, 133.93, 134.39, 135.75, 140.73, 134.73, 135.57, 134.47, 136.08, 135.49, 134.12, 135.05, 135.0, 134.93, 135.49, 135.01, 134.11, 134.5, 135.35, 136.16, 136.3, 134.96, 135.14, 135.51, 134.01, 135.15, 133.85, 133.69, 136.24, 139.08, 135.17]]
[842, [134.06, 134.75, 135.05, 135.12, 135.61, 136.18, 135.37, 136.02, 135.33, 134.37, 134.88, 134.93, 134.84, 134.09, 135.06, 133.83, 135.22, 135.11, 135.02, 135.51, 135.28, 135.19, 135.06, 140.56, 133.53, 137.9, 134.09, 134.24, 147.48, 134.19, 134.3]]
[846, [133.89, 135.38, 135.56, 134.74, 136.05, 135.03, 136.0, 135.04, 135.31, 134.27, 133.82, 135.71, 135.67, 135.31, 135.42, 134.14, 135.03, 135.65, 135.53, 135.75, 135.53, 135.59, 137.18, 133.87, 136.52, 134.43, 134.21, 133.76, 134.0, 134.3, 134.22]]
[850, [134.81, 133.62, 135.0, 134.44, 134.04, 134.43, 134.53, 134.99, 134.7, 150.82, 135.01, 133.85, 135.29, 135.5, 135.93, 136.66, 135.8, 136.4, 136.27, 135.52, 136.45, 135.65, 136.37, 135.42, 136.39, 136.07, 135.57, 135.87, 136.04, 136.17, 136.52]]
[854, [133.86, 133.96, 135.74, 133.58, 134.47, 134.47, 135.18, 134.86, 134.6, 134.39, 134.04, 133.72, 134.71, 135.35, 135.96, 135.35, 135.98, 135.04, 135.48, 135.84, 135.76, 135.28, 135.32, 135.43, 135.31, 135.57, 135.12, 136.17, 135.26, 135.05, 135.75]]
[858, [133.48, 134.86, 134.54, 133.82, 134.61, 134.74, 134.85, 134.58, 150.88, 134.89, 134.16, 135.2, 135.32, 136.28, 135.19, 135.5, 135.76, 136.03, 135.22, 136.82, 135.99, 135.99, 135.88, 136.67, 135.77, 135.47, 136.1, 136.56, 135.32, 136.14, 134.73]]
[862, [134.36, 134.48, 134.13, 143.19, 134.14, 134.62, 134.19, 134.88, 134.54, 134.38, 134.65, 135.66, 135.99, 135.96, 135.35, 135.46, 135.85, 135.89, 135.3, 135.84, 135.86, 135.41, 136.48, 135.15, 135.87, 135.8, 134.97, 135.72, 134.74, 135.56, 135.27]]
[866, [134.61, 137.32, 134.84, 133.8, 133.86, 133.94, 133.83, 136.72, 134.35, 134.84, 136.13, 135.98, 135.27, 135.09, 135.72, 135.46, 135.64, 135.98, 136.32, 134.89, 135.84, 135.87, 134.98, 134.72, 136.05, 135.24, 135.91, 135.14, 134.49, 134.21, 135.71]]
[870, [134.01, 134.71, 133.96, 134.22, 134.74, 134.38, 134.48, 134.18, 134.31, 136.09, 135.94, 135.3, 135.26, 135.53, 135.08, 134.8, 136.29, 135.5, 135.07, 135.81, 136.63, 135.05, 134.8, 135.06, 135.97, 135.03, 135.15, 134.71, 135.82, 135.41, 134.79]]
[874, [134.74, 134.32, 134.67, 133.86, 134.07, 135.94, 134.38, 136.49, 135.36, 135.65, 135.93, 135.53, 135.87, 135.49, 135.22, 135.74, 135.41, 134.75, 135.02, 135.33, 135.9, 135.82, 134.86, 136.04, 136.17, 135.74, 135.44, 135.73, 135.15, 136.32, 136.03]]
[878, [134.86, 137.96, 134.3, 144.71, 134.06, 134.12, 135.1, 136.03, 135.06, 134.87, 135.68, 135.49, 135.88, 135.51, 135.21, 136.04, 135.49, 136.43, 136.02, 135.08, 136.15, 135.2, 135.72, 134.54, 135.25, 138.68, 134.82, 135.74, 135.34, 134.65, 136.55]]
[882, [134.95, 133.92, 134.55, 134.99, 134.09, 135.24, 135.15, 134.7, 134.91, 135.8, 136.04, 134.82, 135.9, 135.36, 135.89, 135.08, 135.22, 135.39, 135.34, 136.0, 135.44, 134.85, 134.65, 135.52, 135.77, 134.88, 135.26, 135.41, 134.95, 137.06, 137.57]]
[886, [133.73, 134.89, 135.39, 136.44, 134.6, 134.26, 135.66, 135.93, 135.15, 135.5, 135.3, 135.41, 135.58, 136.24, 135.74, 135.69, 135.23, 136.19, 135.94, 135.5, 135.23, 135.5, 135.19, 135.53, 134.33, 138.68, 134.92, 134.58, 135.46, 145.14, 135.12]]
[890, [135.41, 135.27, 135.28, 135.02, 134.41, 135.73, 135.19, 135.56, 136.59, 135.03, 134.87, 136.28, 136.0, 135.68, 134.66, 135.25, 134.68, 134.98, 135.44, 135.14, 136.19, 135.93, 135.38, 136.04, 135.56, 136.3, 135.58, 135.57, 135.83, 134.82, 135.1]]
[894, [135.2, 135.78, 135.15, 135.08, 134.49, 134.88, 142.56, 135.81, 137.91, 139.41, 135.36, 136.01, 133.91, 135.69, 134.49, 135.87, 135.87, 134.09, 135.18, 135.08, 135.92, 135.99, 136.76, 136.36, 136.39, 135.87, 135.61, 135.75, 135.38, 135.32, 135.96]]
[898, [135.16, 135.59, 134.23, 134.63, 136.92, 135.32, 135.63, 136.16, 135.05, 136.28, 135.7, 134.85, 134.74, 134.55, 135.09, 134.82, 134.48, 135.61, 134.19, 134.94, 135.26, 135.36, 136.0, 135.54, 135.52, 135.76, 135.93, 135.01, 135.84, 134.52, 133.74]]
[902, [135.45, 134.8, 134.68, 134.99, 142.22, 135.93, 138.1, 139.46, 135.46, 136.23, 133.89, 135.38, 134.27, 135.25, 135.47, 134.32, 134.55, 134.51, 136.32, 135.56, 136.1, 135.75, 135.65, 135.2, 136.08, 135.6, 134.96, 135.72, 136.1, 134.31, 134.3]]
[906, [134.75, 135.61, 135.24, 135.9, 135.76, 138.36, 135.3, 135.18, 134.85, 135.25, 134.63, 134.57, 134.92, 135.05, 135.2, 134.63, 134.61, 136.11, 135.3, 135.56, 135.44, 134.79, 135.47, 135.41, 135.62, 134.68, 134.29, 134.36, 135.32, 133.91, 134.63]]
[910, [136.01, 135.27, 135.88, 135.63, 136.7, 134.69, 135.81, 136.03, 135.74, 134.43, 134.33, 134.3, 135.04, 135.56, 135.31, 135.09, 135.27, 134.86, 136.12, 136.21, 134.93, 135.59, 135.24, 135.66, 135.74, 134.64, 134.93, 134.76, 134.71, 133.84, 133.92]]
[914, [135.18, 136.24, 135.28, 136.17, 135.77, 135.5, 135.68, 134.64, 134.89, 134.53, 134.4, 135.14, 134.98, 134.65, 135.3, 135.73, 135.15, 135.68, 136.1, 135.81, 135.41, 134.68, 135.53, 135.22, 134.2, 135.57, 134.57, 134.7, 143.52, 133.76, 134.94]]
[918, [136.36, 135.1, 135.91, 135.13, 135.4, 135.44, 135.62, 134.08, 134.73, 134.13, 134.19, 135.16, 135.16, 134.94, 135.02, 134.93, 135.53, 135.98, 136.19, 135.05, 135.13, 136.2, 135.18, 134.47, 135.19, 135.06, 133.82, 134.67, 134.54, 133.78, 135.33]]
[922, [135.47, 134.79, 135.18, 134.94, 135.59, 135.28, 135.14, 135.03, 134.33, 134.84, 135.31, 134.43, 134.79, 134.53, 135.43, 135.35, 135.81, 136.78, 135.15, 135.66, 135.83, 135.75, 134.32, 134.46, 134.76, 134.06, 134.77, 134.11, 134.49, 135.2, 134.8]]
[926, [135.63, 135.5, 134.8, 155.71, 135.4, 135.12, 134.88, 134.05, 135.12, 134.58, 133.63, 134.94, 134.68, 135.39, 135.46, 135.68, 135.96, 135.58, 136.05, 136.25, 135.13, 135.19, 135.49, 134.07, 134.07, 133.52, 144.73, 134.18, 134.77, 134.74, 140.54]]
[930, [134.21, 135.6, 133.97, 134.0, 135.03, 134.82, 142.22, 140.97, 135.14, 134.89, 142.02, 134.56, 134.56, 134.31, 138.48, 135.14, 134.63, 134.25, 135.27, 135.32, 135.18, 136.0, 135.62, 135.87, 136.13, 135.59, 135.88, 135.23, 135.79, 136.4, 136.35]]
[934, [134.92, 135.19, 134.88, 135.18, 133.84, 135.12, 134.87, 134.24, 134.68, 135.06, 135.08, 134.27, 134.87, 135.22, 134.14, 134.47, 134.84, 135.97, 135.31, 135.0, 134.04, 135.84, 135.75, 135.97, 135.58, 135.19, 136.33, 135.81, 135.91, 135.29, 135.7]]
[938, [138.89, 135.24, 133.75, 134.76, 135.64, 134.75, 134.06, 134.47, 134.17, 133.73, 134.17, 135.1, 134.84, 134.19, 134.04, 135.67, 135.46, 134.46, 135.5, 134.18, 135.79, 135.51, 135.2, 135.04, 134.68, 135.27, 136.04, 135.68, 135.75, 135.49, 135.37]]
[942, [134.17, 135.31, 134.06, 135.43, 135.18, 134.24, 134.81, 135.12, 134.91, 134.62, 134.5, 134.85, 134.0, 134.09, 135.44, 135.45, 134.92, 135.49, 134.44, 135.37, 135.34, 136.44, 135.16, 135.39, 136.61, 136.06, 135.1, 135.71, 135.24, 135.22, 135.07]]
[946, [135.13, 134.51, 134.08, 134.61, 134.95, 134.36, 134.56, 134.95, 134.75, 134.91, 133.7, 134.21, 134.66, 134.46, 134.61, 135.31, 134.79, 134.23, 135.5, 136.1, 134.63, 135.61, 135.71, 136.03, 135.65, 135.84, 134.63, 134.99, 135.73, 138.95, 134.36]]
[950, [134.28, 134.79, 134.85, 134.26, 135.18, 134.44, 134.59, 135.27, 135.43, 134.34, 134.16, 134.47, 134.29, 134.48, 134.14, 134.41, 134.05, 135.38, 135.22, 135.86, 135.71, 135.65, 134.69, 135.12, 135.37, 135.29, 135.55, 135.36, 135.04, 134.43, 134.48]]
[954, [133.98, 133.95, 134.13, 135.2, 134.42, 134.87, 134.67, 134.21, 134.96, 134.05, 134.19, 133.83, 134.96, 134.12, 133.96, 134.77, 136.59, 134.97, 135.22, 135.7, 135.13, 135.78, 135.63, 135.46, 135.2, 135.64, 135.64, 134.68, 135.21, 135.13, 135.53]]
[958, [135.0, 135.74, 135.27, 137.14, 134.76, 134.14, 134.95, 134.84, 134.51, 134.27, 134.3, 135.29, 135.49, 135.59, 134.3, 135.55, 135.47, 135.02, 134.96, 135.7, 135.47, 135.4, 135.21, 136.09, 134.25, 134.45, 134.63, 135.5, 134.25, 135.81, 135.0]]
[962, [134.9, 134.28, 135.29, 133.64, 134.01, 137.99, 134.17, 134.32, 133.74, 134.99, 134.82, 134.93, 134.72, 135.09, 135.79, 135.11, 135.69, 135.34, 135.59, 135.9, 135.54, 135.41, 135.24, 135.83, 135.56, 135.58, 134.46, 134.89, 135.25, 134.82, 136.3]]
[966, [137.79, 134.56, 133.8, 133.94, 135.31, 134.67, 133.93, 134.51, 134.52, 134.83, 134.63, 134.37, 134.65, 134.29, 135.8, 134.66, 135.6, 135.4, 135.66, 134.68, 135.35, 135.53, 135.59, 134.19, 134.48, 134.4, 140.32, 135.01, 137.69, 136.66, 135.48]]
[970, [134.85, 136.06, 145.22, 134.57, 134.61, 134.67, 136.79, 134.85, 135.61, 134.5, 135.04, 138.97, 134.91, 135.45, 135.65, 136.04, 135.39, 135.67, 135.56, 136.31, 135.71, 135.37, 135.69, 135.11, 136.22, 136.01, 135.21, 135.66, 136.05, 135.96, 135.87]]
[974, [135.62, 134.75, 135.11, 134.21, 135.02, 134.78, 136.01, 135.09, 135.75, 134.51, 134.77, 136.13, 135.21, 135.43, 135.78, 136.35, 135.79, 135.6, 135.74, 136.23, 134.69, 136.12, 136.35, 135.53, 135.25, 136.07, 135.1, 135.55, 135.92, 134.7, 136.02]]
[978, [135.15, 134.38, 134.51, 134.75, 134.57, 136.46, 135.66, 134.79, 134.71, 135.2, 135.51, 135.41, 136.46, 137.43, 136.18, 135.62, 135.73, 135.2, 136.02, 135.84, 136.0, 135.27, 136.21, 135.22, 136.07, 135.37, 135.68, 135.67, 136.17, 135.88, 135.48]]
[982, [135.1, 134.32, 135.95, 135.13, 134.94, 135.06, 135.45, 134.86, 134.84, 135.25, 135.95, 135.46, 135.16, 135.03, 135.75, 135.49, 135.39, 136.1, 135.72, 135.84, 135.75, 135.32, 135.86, 135.36, 135.85, 135.99, 135.88, 135.29, 134.96, 137.07, 134.67]]
[986, [143.8, 135.43, 134.84, 134.69, 135.03, 135.83, 135.2, 138.0, 137.62, 135.8, 136.28, 135.73, 135.02, 134.87, 135.75, 135.08, 135.16, 134.79, 135.35, 135.05, 135.66, 135.93, 136.08, 135.18, 135.26, 135.47, 136.42, 135.06, 136.24, 134.89, 134.82]]
[990, [134.45, 134.77, 135.53, 135.25, 135.01, 134.85, 134.41, 135.82, 135.74, 135.07, 135.05, 135.94, 135.31, 135.07, 135.5, 135.67, 135.85, 135.82, 134.93, 135.9, 136.03, 135.14, 135.33, 135.08, 135.81, 136.16, 135.32, 134.87, 135.26, 135.42, 138.19]]
[994, [135.84, 134.8, 135.13, 135.11, 135.22, 135.61, 135.88, 135.13, 135.15, 135.29, 136.04, 135.11, 135.37, 135.05, 135.78, 135.17, 135.04, 135.33, 136.04, 134.83, 135.51, 135.79, 134.8, 136.1, 136.29, 135.42, 134.2, 136.11, 135.45, 135.04, 135.2]]
[998, [135.18, 136.91, 134.53, 134.54, 134.28, 134.79, 136.11, 136.12, 134.85, 135.42, 135.99, 136.13, 135.81, 135.5, 135.61, 135.02, 135.21, 135.1, 135.6, 135.59, 135.66, 135.23, 134.84, 135.14, 135.74, 134.45, 135.27, 134.63, 135.0, 134.53, 135.27]]
[1002, [135.7, 134.7, 135.44, 135.55, 135.3, 135.4, 135.88, 135.75, 134.52, 135.26, 135.4, 134.67, 135.0, 134.78, 136.26, 135.4, 135.2, 135.6, 135.6, 135.93, 135.21, 136.25, 135.75, 137.01, 134.43, 134.74, 134.91, 134.78, 135.06, 135.45, 135.92]]
[1006, [134.46, 135.0, 134.38, 135.34, 135.03, 135.58, 136.92, 136.29, 135.46, 135.16, 134.73, 134.92, 135.38, 135.23, 134.58, 135.69, 136.29, 135.29, 135.06, 135.69, 135.1, 135.57, 135.18, 135.38, 135.2, 134.55, 136.39, 135.82, 134.95, 135.34, 134.93]]
[1010, [134.63, 136.68, 135.44, 134.66, 135.05, 134.37, 135.41, 134.98, 135.94, 135.86, 135.42, 135.23, 135.04, 136.08, 135.84, 135.28, 136.39, 136.09, 135.6, 136.1, 136.13, 135.9, 135.78, 135.5, 135.94, 135.69, 135.67, 135.15, 136.45, 136.26, 136.02]]
[1014, [135.24, 134.63, 134.43, 134.32, 134.71, 135.08, 135.02, 135.25, 135.93, 135.37, 135.37, 135.49, 135.59, 136.02, 136.43, 135.46, 135.81, 136.01, 136.24, 135.6, 136.34, 135.57, 135.85, 136.4, 136.33, 135.61, 136.0, 136.3, 135.81, 135.99, 136.32]]
[1018, [135.31, 134.65, 136.4, 141.29, 134.51, 134.93, 135.49, 134.66, 135.09, 135.61, 135.99, 134.95, 135.66, 136.03, 136.25, 135.68, 135.56, 135.52, 135.77, 135.43, 136.0, 135.98, 135.81, 135.96, 135.78, 137.21, 135.55, 135.02, 135.91, 139.56, 135.49]]
[1022, [136.88, 135.49, 134.36, 135.03, 135.48, 135.1, 136.05, 135.65, 134.8, 135.21, 136.31, 135.53, 135.68, 135.12, 134.88, 135.64, 135.41, 135.64, 135.4, 135.97, 135.95, 136.11, 135.65, 135.73, 136.18, 135.85, 135.07, 135.02, 134.78, 135.68, 136.01]]
[1026, [135.12, 135.4, 134.45, 146.38, 138.03, 135.05, 134.87, 135.95, 136.3, 135.91, 135.05, 135.01, 135.13, 136.02, 135.83, 135.16, 135.73, 134.91, 136.21, 136.07, 135.82, 135.1, 135.2, 135.75, 135.51, 135.36, 135.73, 135.04, 135.21, 151.62, 135.49]]
[1030, [135.28, 135.28, 135.67, 135.73, 135.77, 135.13, 135.36, 135.07, 134.85, 135.33, 135.87, 135.68, 135.87, 135.06, 135.52, 135.43, 135.11, 135.66, 135.14, 135.5, 135.28, 135.61, 135.81, 135.5, 135.28, 135.02, 135.21, 136.63, 134.42, 135.4, 134.94]]
[1034, [135.65, 134.48, 135.64, 135.06, 135.24, 134.71, 136.02, 134.95, 135.65, 134.8, 136.46, 135.3, 136.06, 135.2, 135.55, 136.51, 135.63, 135.92, 135.67, 135.09, 135.82, 136.4, 135.36, 135.27, 135.74, 134.53, 135.25, 134.44, 135.65, 135.11, 135.7]]
[1038, [140.87, 134.92, 134.46, 134.92, 134.44, 135.1, 135.71, 135.11, 134.42, 135.29, 135.71, 135.23, 135.4, 136.02, 136.01, 135.83, 135.72, 135.64, 135.24, 136.26, 135.97, 135.12, 135.31, 135.68, 134.88, 135.41, 135.33, 134.57, 134.44, 135.61, 134.75]]
[1042, [134.89, 134.71, 134.91, 134.82, 141.15, 134.87, 135.51, 135.41, 135.52, 135.65, 135.38, 135.77, 136.75, 135.4, 135.61, 134.7, 136.12, 135.61, 134.93, 135.26, 135.13, 135.04, 135.49, 135.05, 138.47, 135.56, 135.59, 134.7, 135.57, 135.26, 135.49]]
[1046, [135.75, 134.84, 135.73, 136.16, 134.88, 135.31, 136.32, 135.89, 135.27, 135.41, 135.23, 135.13, 136.28, 134.78, 136.24, 136.12, 135.39, 135.84, 136.6, 135.55, 136.11, 135.29, 139.18, 135.36, 135.98, 135.16, 134.64, 136.34, 149.36, 134.84, 134.99]]
[1050, [135.3, 135.55, 136.79, 135.41, 134.99, 135.01, 134.55, 134.48, 135.1, 135.13, 135.24, 135.57, 134.57, 135.49, 136.09, 135.62, 135.84, 136.44, 134.98, 135.9, 135.62, 136.17, 135.8, 135.31, 134.99, 136.74, 135.09, 135.73, 134.35, 134.87, 135.64]]
[1054, [134.84, 135.59, 137.12, 134.64, 135.16, 134.96, 137.11, 142.73, 136.05, 135.55, 135.24, 135.4, 135.63, 137.72, 135.85, 134.78, 134.67, 135.09, 135.44, 135.69, 136.34, 135.75, 135.52, 135.62, 135.26, 134.99, 134.25, 133.72, 133.89, 135.32, 135.08]]
[1058, [134.71, 135.5, 135.34, 134.9, 134.81, 134.35, 135.61, 136.03, 135.76, 135.23, 135.73, 134.71, 135.69, 135.74, 135.25, 135.98, 136.21, 135.65, 135.06, 135.03, 136.65, 136.07, 135.51, 135.28, 136.5, 135.19, 135.07, 134.56, 134.4, 135.32, 133.87]]
[1062, [134.61, 135.3, 135.37, 134.75, 134.9, 135.06, 135.65, 134.76, 135.41, 136.0, 135.18, 135.48, 134.63, 135.54, 135.04, 135.21, 135.4, 134.93, 136.22, 135.17, 135.45, 135.2, 134.59, 134.62, 134.96, 134.71, 134.4, 134.58, 133.92, 134.28, 135.04]]
[1066, [134.95, 137.9, 135.48, 135.6, 135.94, 135.14, 135.86, 134.84, 135.37, 135.01, 135.85, 134.73, 136.01, 135.61, 135.6, 135.5, 135.94, 135.58, 136.38, 134.95, 135.04, 135.47, 134.45, 134.79, 134.43, 135.19, 134.79, 134.73, 134.72, 134.59, 134.98]]
[1070, [135.47, 135.87, 135.06, 142.32, 135.25, 134.82, 140.88, 134.88, 135.43, 135.57, 134.67, 135.65, 135.05, 135.76, 135.71, 134.97, 135.23, 135.85, 136.11, 135.37, 137.15, 134.4, 133.96, 135.17, 135.08, 134.67, 134.9, 134.4, 134.83, 134.35, 134.85]]
[1074, [135.13, 136.21, 135.96, 134.94, 135.13, 134.92, 135.66, 135.49, 134.88, 135.8, 135.91, 135.15, 135.2, 135.2, 135.2, 134.75, 135.27, 134.84, 134.8, 135.11, 134.81, 134.18, 134.36, 134.39, 134.28, 134.47, 134.99, 134.22, 133.93, 135.23, 136.97]]
[1078, [143.39, 135.53, 136.19, 135.01, 134.49, 135.04, 135.68, 136.34, 135.49, 135.19, 135.11, 135.94, 136.33, 135.09, 136.45, 135.37, 135.46, 135.68, 135.59, 135.19, 134.2, 135.02, 139.64, 134.48, 138.36, 133.79, 135.45, 136.7, 135.04, 135.82, 135.56]]
[1082, [135.46, 135.74, 135.19, 135.0, 135.46, 136.09, 135.88, 135.77, 134.71, 135.12, 136.36, 135.8, 135.68, 135.78, 135.67, 135.83, 136.18, 136.08, 135.18, 134.36, 135.29, 139.77, 134.71, 138.13, 133.58, 135.17, 136.53, 134.85, 136.16, 135.4, 134.51]]
[1086, [134.83, 135.61, 135.03, 134.87, 135.34, 134.79, 134.89, 134.96, 134.6, 134.75, 134.69, 134.79, 134.84, 135.7, 135.08, 135.81, 135.83, 134.81, 134.75, 134.51, 134.68, 133.87, 134.69, 134.09, 136.06, 133.66, 134.67, 135.33, 135.25, 134.85, 135.59]]
[1090, [134.55, 134.6, 133.65, 134.36, 139.61, 135.72, 141.43, 139.58, 138.3, 136.27, 135.7, 135.5, 134.88, 141.81, 135.5, 135.99, 136.33, 135.29, 135.27, 135.85, 135.1, 135.52, 136.04, 135.69, 135.51, 135.6, 135.94, 135.96, 140.92, 134.96, 136.29]]
[1094, [135.85, 134.38, 134.42, 137.11, 135.76, 135.2, 135.29, 135.59, 135.64, 134.88, 134.8, 135.72, 135.35, 138.51, 134.98, 135.85, 135.28, 135.1, 134.94, 135.78, 135.63, 135.4, 135.95, 135.67, 135.38, 134.99, 136.13, 136.34, 136.11, 135.82, 136.31]]
[1098, [133.85, 134.75, 134.73, 135.3, 135.65, 140.84, 135.4, 135.64, 135.46, 134.38, 135.47, 135.54, 136.33, 135.6, 137.43, 135.16, 136.0, 135.43, 135.67, 135.74, 135.89, 135.34, 135.52, 135.61, 135.29, 136.36, 135.93, 135.86, 136.09, 136.12, 135.11]]
[1102, [133.95, 134.75, 136.45, 165.5, 135.14, 135.37, 136.28, 135.63, 135.23, 135.77, 135.8, 135.04, 135.06, 136.2, 134.66, 135.27, 136.34, 135.54, 135.6, 135.68, 135.05, 135.65, 135.54, 135.53, 134.82, 136.26, 136.07, 136.65, 134.59, 135.9, 135.65]]
[1106, [134.56, 135.22, 136.16, 140.52, 135.31, 135.76, 135.55, 135.25, 134.94, 135.23, 135.6, 135.02, 135.04, 135.71, 136.15, 135.69, 135.81, 134.99, 135.45, 135.76, 136.0, 135.22, 136.37, 135.56, 136.01, 135.09, 134.86, 142.39, 135.03, 135.21, 135.3]]
[1110, [135.41, 134.3, 134.55, 136.67, 136.72, 134.97, 135.22, 135.81, 135.17, 135.43, 135.48, 136.68, 135.61, 134.86, 134.95, 135.4, 135.64, 135.48, 135.05, 135.05, 135.25, 135.76, 135.07, 134.78, 135.96, 135.82, 135.33, 135.45, 135.15, 134.96, 134.94]]
[1114, [135.87, 135.21, 135.08, 135.45, 135.91, 134.76, 139.8, 135.78, 135.64, 135.81, 135.38, 135.03, 134.91, 135.7, 135.5, 135.1, 135.9, 135.89, 136.29, 135.74, 135.48, 136.3, 135.27, 135.41, 135.19, 135.78, 135.52, 135.0, 135.22, 135.75, 136.83]]
[1118, [134.85, 135.13, 135.11, 134.86, 135.46, 140.03, 135.87, 135.14, 136.26, 135.93, 135.64, 136.09, 135.31, 135.07, 135.51, 134.92, 135.61, 136.72, 135.74, 135.93, 136.71, 135.46, 135.91, 134.85, 136.27, 135.12, 134.77, 135.42, 135.31, 134.79, 135.51]]
[1122, [140.42, 134.64, 134.67, 134.85, 134.94, 134.84, 134.82, 135.92, 135.47, 135.64, 135.49, 134.93, 135.44, 136.04, 135.14, 135.45, 135.18, 135.32, 135.8, 135.79, 136.0, 135.2, 135.04, 136.73, 134.63, 135.45, 135.23, 137.45, 135.42, 136.93, 135.09]]
[1126, [135.38, 137.78, 135.17, 135.77, 135.68, 135.81, 134.9, 135.41, 135.31, 135.41, 135.61, 135.08, 135.97, 136.08, 135.71, 135.57, 134.81, 135.55, 136.08, 135.31, 135.81, 134.82, 135.34, 135.3, 135.05, 135.52, 136.13, 136.21, 136.19, 135.73, 136.58]]
[1130, [135.11, 135.86, 135.39, 134.95, 135.15, 135.69, 135.6, 135.5, 135.03, 135.97, 137.53, 134.75, 135.69, 135.69, 135.32, 141.76, 136.49, 135.71, 135.5, 135.35, 136.5, 134.29, 135.01, 135.32, 134.17, 134.48, 135.43, 134.17, 135.32, 135.69, 136.06]]
[1134, [134.54, 135.59, 137.85, 134.92, 134.7, 135.51, 134.93, 135.16, 135.25, 135.13, 142.46, 134.35, 135.19, 135.83, 136.19, 142.56, 135.42, 135.37, 136.21, 135.79, 135.78, 137.11, 134.16, 134.74, 134.34, 134.93, 134.78, 135.37, 134.89, 136.37, 135.82]]
[1138, [135.25, 134.87, 135.41, 135.86, 136.97, 135.28, 135.98, 135.5, 136.01, 136.13, 135.27, 135.49, 135.29, 135.42, 141.39, 136.26, 135.94, 135.83, 134.58, 134.91, 134.15, 134.74, 134.35, 134.97, 134.7, 135.2, 134.68, 135.51, 135.2, 135.35, 134.84]]
[1142, [134.95, 135.49, 141.21, 135.56, 136.12, 135.72, 136.2, 136.3, 135.27, 135.28, 135.44, 135.72, 135.24, 135.8, 135.61, 136.16, 134.5, 135.39, 134.18, 135.18, 134.2, 135.21, 134.61, 134.26, 134.94, 134.45, 135.99, 135.81, 135.27, 135.26, 135.02]]
[1146, [135.13, 134.62, 134.87, 135.3, 135.0, 137.06, 135.66, 141.63, 135.69, 135.15, 135.56, 135.12, 135.12, 135.53, 135.15, 135.18, 134.58, 134.65, 134.16, 134.18, 134.07, 135.14, 134.87, 134.55, 135.33, 136.0, 135.27, 135.37, 141.88, 135.69, 134.93]]
[1150, [136.37, 135.65, 136.02, 135.56, 135.99, 134.63, 134.98, 135.67, 134.89, 143.53, 136.16, 135.35, 135.93, 135.77, 134.78, 134.86, 135.49, 133.73, 134.81, 134.63, 135.1, 134.34, 134.63, 134.41, 135.05, 136.17, 135.8, 135.69, 134.63, 134.5, 133.86]]
[1154, [134.74, 134.67, 135.7, 134.91, 134.74, 142.32, 135.92, 135.34, 136.07, 135.65, 142.33, 135.63, 135.62, 135.81, 135.98, 135.58, 133.96, 134.21, 133.6, 134.18, 134.64, 134.52, 135.25, 134.35, 135.97, 135.7, 136.24, 135.38, 134.67, 134.77, 134.14]]
[1158, [135.76, 135.28, 135.84, 135.2, 135.34, 134.69, 135.88, 135.28, 135.11, 134.92, 135.39, 135.77, 139.77, 135.13, 135.4, 134.24, 134.9, 135.02, 134.47, 134.05, 134.89, 134.22, 135.14, 135.72, 143.69, 135.34, 135.0, 134.73, 134.31, 134.96, 134.23]]
[1162, [135.39, 134.51, 137.05, 135.5, 135.65, 134.88, 135.53, 134.83, 134.97, 135.26, 135.92, 136.25, 135.18, 134.41, 134.49, 134.24, 134.58, 133.91, 134.74, 135.31, 134.3, 135.03, 135.69, 135.78, 134.87, 136.48, 134.63, 148.17, 134.52, 134.26, 134.31]]
[1166, [135.01, 134.92, 138.12, 134.78, 135.16, 135.02, 135.25, 135.9, 135.03, 135.06, 135.58, 135.74, 134.51, 134.16, 134.0, 134.36, 135.03, 133.72, 135.19, 134.1, 134.21, 134.97, 135.62, 135.62, 135.47, 134.79, 133.72, 134.09, 134.63, 136.29, 135.12]]
[1170, [136.27, 136.34, 141.82, 135.02, 135.24, 134.5, 134.87, 135.62, 134.75, 135.04, 135.02, 137.4, 139.62, 134.95, 135.07, 135.36, 134.92, 134.8, 134.42, 135.13, 134.37, 134.59, 135.33, 134.39, 134.5, 135.66, 134.84, 135.06, 134.38, 135.25, 135.75]]
[1174, [135.18, 135.45, 134.29, 134.44, 135.83, 134.92, 137.16, 135.22, 134.03, 134.99, 134.93, 133.92, 135.45, 135.24, 134.27, 134.9, 134.39, 134.62, 135.19, 134.62, 133.43, 134.84, 134.64, 134.64, 134.56, 135.24, 134.64, 134.66, 135.28, 135.26, 134.74]]
[1178, [135.67, 134.58, 135.0, 133.89, 134.91, 133.38, 135.03, 134.31, 133.98, 137.9, 144.89, 133.95, 134.25, 133.86, 134.77, 134.77, 133.84, 134.07, 135.22, 134.78, 133.98, 135.0, 135.2, 134.18, 134.52, 134.18, 134.27, 134.97, 134.25, 134.8, 140.94]]
[1182, [135.04, 134.19, 134.24, 133.83, 134.41, 134.73, 133.6, 136.05, 134.05, 134.08, 134.08, 133.66, 135.53, 134.76, 134.38, 134.06, 135.04, 134.22, 134.77, 134.93, 135.03, 134.67, 135.29, 134.12, 135.08, 135.21, 134.81, 136.35, 134.76, 135.68, 135.4]]
[1186, [133.9, 136.13, 136.37, 134.39, 135.4, 134.41, 134.76, 134.77, 134.68, 134.66, 135.12, 134.31, 134.24, 134.83, 134.84, 134.28, 134.42, 134.02, 135.49, 135.14, 134.49, 134.12, 134.8, 134.0, 134.55, 135.21, 135.21, 134.57, 136.3, 135.18, 136.16]]
[1190, [135.03, 134.52, 134.7, 142.3, 134.86, 134.43, 134.89, 134.85, 134.76, 135.79, 135.37, 134.04, 135.7, 135.24, 134.63, 134.58, 135.59, 134.44, 135.62, 134.97, 134.37, 134.75, 134.95, 134.94, 134.58, 135.16, 134.65, 134.71, 135.41, 135.83, 135.52]]
[1194, [134.8, 133.71, 135.33, 133.84, 133.96, 134.55, 134.5, 135.2, 134.91, 133.87, 138.24, 134.81, 134.82, 134.13, 134.9, 134.07, 134.88, 133.88, 134.34, 134.19, 135.04, 134.4, 134.76, 134.47, 135.75, 134.59, 141.48, 134.63, 135.31, 135.7, 136.36]]
[1198, [135.38, 135.07, 134.05, 135.02, 134.79, 133.95, 134.7, 135.37, 134.3, 134.8, 134.5, 134.9, 133.73, 134.8, 134.58, 134.48, 134.59, 135.31, 134.15, 134.93, 134.63, 134.83, 134.76, 134.87, 134.68, 135.76, 135.29, 135.33, 135.23, 135.15, 135.18]]
[1202, [135.08, 134.0, 135.37, 134.96, 134.71, 134.51, 134.22, 135.23, 139.27, 134.76, 134.04, 134.33, 134.29, 134.73, 134.82, 134.71, 135.16, 135.09, 134.92, 133.88, 134.87, 134.75, 135.03, 135.72, 134.97, 134.84, 134.39, 148.59, 135.56, 134.51, 134.86]]
[1206, [134.83, 135.63, 134.35, 134.8, 135.43, 136.12, 134.94, 133.48, 135.33, 134.77, 134.8, 134.97, 134.94, 134.02, 135.08, 135.45, 133.92, 135.14, 135.22, 135.21, 133.84, 135.51, 134.84, 135.25, 135.46, 135.55, 135.86, 135.3, 134.71, 137.03, 135.14]]
[1210, [134.6, 135.46, 134.64, 134.86, 149.86, 135.95, 136.27, 135.79, 135.52, 135.79, 135.59, 134.97, 140.11, 135.5, 135.08, 134.63, 137.16, 135.38, 134.67, 135.63, 135.24, 135.61, 135.04, 135.07, 136.11, 135.19, 136.2, 135.99, 135.45, 135.07, 135.58]]
[1214, [135.32, 134.9, 134.03, 138.34, 135.3, 135.93, 135.55, 134.84, 137.88, 135.65, 135.73, 135.21, 135.33, 135.33, 134.92, 135.56, 139.95, 135.52, 135.97, 135.79, 135.56, 135.36, 136.2, 135.65, 135.63, 135.27, 136.33, 135.34, 135.12, 136.56, 134.86]]
[1218, [134.46, 134.47, 134.98, 150.02, 135.51, 136.15, 135.52, 136.35, 134.69, 135.54, 134.09, 140.14, 135.01, 135.5, 134.63, 135.94, 135.3, 134.92, 134.81, 135.53, 135.73, 135.43, 135.4, 136.31, 134.97, 135.85, 136.4, 135.21, 136.05, 135.2, 135.14]]
[1222, [134.72, 134.91, 138.26, 134.45, 134.5, 135.9, 134.82, 137.41, 134.9, 134.94, 135.57, 135.79, 134.48, 135.42, 134.93, 135.2, 136.03, 135.13, 135.48, 135.5, 135.68, 136.31, 135.12, 134.97, 135.51, 135.07, 135.58, 135.47, 134.21, 135.16, 135.95]]
[1226, [135.57, 139.49, 134.57, 137.07, 135.02, 135.77, 135.16, 134.68, 135.73, 136.79, 135.59, 136.26, 135.69, 135.18, 134.76, 135.75, 135.01, 136.2, 136.18, 136.02, 135.63, 135.69, 135.68, 135.83, 135.11, 134.83, 135.19, 136.52, 135.45, 135.66, 147.52]]
[1230, [135.06, 135.16, 135.3, 135.17, 135.28, 135.59, 134.99, 134.83, 135.95, 135.29, 134.08, 135.8, 135.13, 135.34, 135.38, 135.24, 135.74, 135.89, 135.17, 135.3, 134.78, 136.08, 135.24, 135.99, 135.08, 136.22, 135.07, 134.96, 135.72, 144.7, 142.24]]
[1234, [135.7, 140.59, 135.49, 135.52, 134.74, 134.57, 134.97, 134.73, 135.07, 135.11, 135.45, 135.27, 135.3, 135.68, 135.02, 134.94, 137.23, 135.11, 135.62, 135.44, 135.61, 136.97, 135.86, 135.25, 135.57, 135.09, 135.16, 134.76, 135.46, 135.51, 135.03]]
[1238, [135.86, 135.34, 143.93, 134.83, 134.78, 135.52, 135.84, 135.28, 135.71, 135.7, 135.28, 135.52, 136.44, 134.83, 135.81, 135.64, 135.73, 135.18, 135.93, 135.4, 135.87, 135.04, 136.0, 135.92, 135.24, 135.06, 135.73, 135.57, 135.39, 134.78, 135.39]]
[1242, [137.33, 135.0, 135.89, 138.48, 135.4, 135.63, 134.46, 134.75, 135.7, 135.26, 135.13, 136.32, 135.58, 135.34, 135.02, 134.93, 135.58, 135.4, 135.59, 136.08, 136.31, 136.22, 136.45, 135.89, 136.03, 134.63, 135.37, 136.31, 135.93, 135.49, 137.35]]
[1246, [134.36, 135.24, 135.6, 135.36, 134.93, 135.01, 135.32, 135.75, 135.17, 134.4, 135.37, 135.17, 134.75, 136.0, 135.75, 135.77, 135.53, 134.82, 136.05, 135.65, 134.98, 134.82, 135.33, 135.46, 136.62, 134.4, 134.74, 135.27, 135.38, 135.32, 134.98]]
[1250, [135.32, 135.49, 134.72, 136.08, 144.49, 135.12, 135.22, 135.97, 135.06, 134.99, 136.13, 135.01, 135.89, 135.1, 136.25, 135.25, 135.94, 136.64, 135.32, 136.14, 135.52, 136.44, 135.27, 135.57, 136.28, 135.25, 136.27, 135.77, 135.18, 135.1, 136.32]]
[1254, [134.52, 136.55, 134.84, 134.49, 134.35, 135.21, 134.37, 136.08, 134.65, 137.2, 135.27, 135.47, 135.92, 135.75, 135.38, 135.48, 135.62, 136.27, 135.79, 136.12, 135.88, 135.91, 135.34, 135.51, 135.68, 136.35, 136.29, 135.77, 136.17, 135.36, 136.53]]
[1258, [135.3, 134.89, 135.88, 144.24, 135.12, 135.64, 136.19, 134.9, 134.53, 136.36, 134.93, 135.81, 136.22, 135.01, 136.16, 135.68, 136.29, 135.31, 136.4, 135.83, 134.86, 136.05, 135.57, 136.11, 135.48, 135.77, 136.22, 138.42, 135.44, 135.77, 134.68]]
[1262, [134.59, 135.38, 136.24, 135.98, 136.28, 134.76, 135.44, 135.22, 134.71, 135.49, 135.8, 135.29, 136.03, 135.72, 135.51, 135.14, 135.35, 136.17, 141.54, 135.77, 135.62, 136.01, 134.88, 135.56, 135.25, 135.95, 134.76, 135.24, 134.65, 135.23, 135.36]]
[1266, [135.64, 134.74, 134.85, 134.93, 135.15, 135.88, 135.46, 135.27, 135.3, 135.7, 134.95, 135.43, 136.05, 136.08, 136.29, 135.12, 134.83, 136.17, 135.76, 136.26, 135.13, 134.84, 136.09, 135.02, 136.03, 136.24, 135.86, 135.83, 136.52, 134.78, 135.7]]
[1270, [135.82, 135.4, 135.77, 134.43, 141.7, 135.37, 134.63, 136.92, 135.67, 136.23, 135.34, 135.08, 135.0, 135.36, 136.15, 135.9, 135.49, 135.17, 135.92, 135.74, 135.48, 135.33, 135.49, 135.47, 135.87, 135.98, 134.56, 135.41, 135.1, 135.7, 135.06]]
[1274, [135.23, 135.28, 135.49, 135.89, 135.07, 134.14, 136.67, 135.61, 135.9, 135.79, 135.95, 135.99, 135.65, 135.42, 135.41, 135.23, 135.97, 136.28, 136.03, 135.05, 135.99, 135.55, 135.77, 135.3, 135.41, 134.44, 134.62, 135.49, 135.05, 134.87, 136.21]]
[1278, [135.24, 138.14, 139.38, 135.88, 135.31, 136.08, 135.79, 136.04, 135.01, 135.67, 136.26, 135.24, 135.72, 136.35, 135.73, 135.63, 135.81, 135.55, 136.29, 135.35, 135.97, 135.59, 135.29, 135.18, 134.88, 136.09, 135.36, 136.95, 134.79, 136.06, 135.98]]
[1282, [135.7, 135.47, 136.36, 135.03, 135.3, 135.98, 135.76, 138.83, 135.06, 135.43, 135.12, 135.01, 135.55, 135.0, 135.96, 135.07, 135.67, 134.93, 135.14, 134.86, 134.92, 135.85, 135.64, 136.05, 141.79, 135.25, 135.32, 134.56, 136.28, 134.51, 135.92]]
[1286, [135.49, 144.14, 134.92, 135.41, 135.42, 135.26, 134.67, 135.39, 135.8, 135.56, 135.14, 136.12, 135.29, 135.88, 136.34, 135.5, 135.25, 135.98, 135.26, 136.23, 136.02, 135.26, 134.95, 135.57, 135.24, 135.04, 135.3, 149.81, 134.89, 134.95, 135.55]]
[1290, [135.68, 135.26, 134.88, 134.77, 135.13, 135.49, 134.83, 135.53, 135.44, 134.88, 135.01, 135.69, 135.34, 135.72, 135.32, 136.35, 135.33, 135.84, 135.3, 135.37, 135.59, 135.29, 135.1, 135.51, 135.78, 136.29, 135.96, 136.17, 136.17, 135.17, 135.49]]
[1294, [135.02, 135.11, 135.55, 135.28, 135.55, 135.74, 135.13, 134.92, 135.48, 135.7, 135.04, 134.61, 135.28, 136.13, 134.88, 135.06, 135.87, 135.53, 135.08, 135.32, 135.65, 135.74, 135.98, 134.8, 135.08, 134.95, 135.31, 135.35, 134.86, 135.7, 135.34]]
[1298, [134.96, 135.27, 135.49, 135.35, 135.55, 135.37, 135.55, 135.49, 135.35, 137.28, 134.5, 135.31, 135.25, 134.72, 134.98, 135.63, 135.38, 135.45, 135.88, 135.1, 136.12, 135.41, 135.96, 135.56, 135.23, 135.96, 135.28, 135.52, 135.47, 134.98, 135.1]]
[1302, [134.5, 134.32, 136.1, 135.67, 135.77, 134.9, 134.9, 134.97, 135.13, 134.85, 135.05, 134.82, 135.9, 134.93, 134.83, 135.0, 135.29, 135.16, 135.79, 135.82, 135.7, 135.4, 136.22, 135.35, 135.23, 135.31, 135.7, 135.07, 135.93, 137.11, 134.43]]
[1306, [134.67, 135.44, 134.77, 135.9, 136.07, 134.53, 135.11, 134.71, 138.31, 135.2, 139.94, 136.52, 134.73, 134.87, 135.72, 135.73, 134.84, 134.85, 134.65, 135.26, 135.01, 135.79, 134.86, 135.22, 136.11, 135.62, 135.62, 135.48, 135.75, 135.6, 135.51]]
[1310, [135.32, 134.91, 135.1, 136.31, 136.6, 135.39, 134.28, 135.07, 135.13, 135.93, 135.65, 134.73, 135.57, 136.02, 135.14, 135.93, 134.86, 135.41, 134.92, 134.84, 134.68, 134.82, 135.04, 134.89, 135.92, 134.93, 134.74, 137.28, 135.55, 135.22, 134.62]]
[1314, [135.2, 137.83, 135.1, 136.65, 136.14, 135.08, 135.58, 136.26, 135.27, 135.42, 135.58, 135.28, 134.65, 135.02, 135.99, 135.59, 134.62, 134.58, 135.32, 134.85, 134.87, 136.0, 134.72, 135.6, 134.94, 135.66, 135.77, 134.33, 135.08, 134.84, 135.33]]
[1318, [135.0, 134.92, 134.3, 134.69, 135.65, 135.2, 135.85, 135.04, 135.74, 135.15, 134.74, 135.41, 135.2, 135.5, 136.0, 135.32, 135.31, 135.2, 134.93, 135.55, 135.87, 135.82, 135.11, 136.1, 135.25, 135.72, 135.34, 135.55, 135.88, 135.29, 135.39]]
[1322, [137.44, 135.39, 135.97, 135.45, 135.54, 135.8, 139.05, 135.58, 135.21, 136.14, 135.35, 135.33, 136.06, 134.87, 135.79, 135.54, 135.77, 135.34, 135.21, 135.81, 135.74, 135.36, 135.29, 135.13, 135.17, 136.09, 134.79, 135.21, 136.1, 134.74, 135.68]]
[1326, [138.92, 135.06, 135.14, 134.81, 135.56, 134.81, 135.99, 134.62, 135.19, 135.58, 135.08, 134.81, 134.87, 135.08, 135.04, 134.74, 135.8, 134.97, 135.62, 135.19, 135.4, 134.6, 135.78, 135.62, 135.1, 135.15, 135.31, 135.43, 145.53, 135.31, 135.94]]
[1330, [135.72, 140.96, 134.95, 135.64, 138.41, 135.3, 134.93, 135.4, 136.11, 135.17, 135.97, 134.57, 135.34, 136.9, 135.55, 135.17, 135.61, 135.72, 135.14, 135.45, 136.01, 136.06, 135.33, 136.34, 136.28, 135.47, 135.15, 135.0, 136.19, 135.07, 135.7]]
[1334, [135.27, 134.52, 134.93, 134.98, 135.07, 134.65, 134.98, 135.69, 136.16, 134.68, 134.77, 134.63, 135.58, 140.83, 135.21, 135.79, 135.38, 135.59, 135.82, 135.19, 135.31, 135.55, 135.67, 136.41, 135.39, 135.48, 135.43, 135.47, 135.79, 135.91, 135.62]]
[1338, [135.17, 135.28, 135.36, 135.67, 136.05, 135.46, 135.18, 134.78, 135.8, 135.79, 134.91, 135.15, 136.72, 136.18, 135.44, 136.01, 135.92, 135.23, 135.47, 135.7, 136.47, 136.13, 136.05, 135.77, 135.14, 135.77, 135.37, 136.19, 135.3, 134.51, 136.33]]
[1342, [135.24, 134.4, 135.65, 135.16, 134.91, 135.42, 140.98, 135.4, 134.83, 135.71, 134.88, 135.04, 135.97, 134.67, 135.21, 136.14, 135.94, 136.18, 135.34, 136.18, 135.12, 136.42, 135.41, 136.15, 136.26, 135.85, 135.35, 136.96, 135.53, 135.18, 134.83]]
[1346, [134.16, 134.45, 135.35, 135.21, 135.32, 135.35, 135.59, 135.37, 135.05, 139.32, 135.25, 135.67, 135.32, 135.48, 136.37, 135.8, 135.35, 135.27, 135.21, 138.38, 135.57, 135.15, 135.34, 135.38, 135.61, 135.9, 134.45, 136.84, 135.73, 138.02, 135.83]]
[1350, [135.97, 135.81, 134.35, 135.06, 134.62, 137.17, 135.19, 136.34, 134.83, 135.05, 136.37, 135.58, 136.19, 135.35, 135.45, 135.41, 135.13, 135.68, 135.44, 134.9, 136.21, 136.43, 135.03, 135.11, 135.67, 135.31, 134.95, 135.19, 134.79, 134.97, 135.69]]
[1354, [135.54, 135.06, 137.19, 135.33, 135.37, 135.0, 135.08, 136.01, 135.48, 135.94, 136.26, 135.63, 135.56, 135.55, 135.49, 135.18, 136.04, 135.74, 134.79, 136.26, 136.0, 136.79, 135.68, 135.07, 135.75, 136.87, 136.88, 135.07, 134.78, 154.65, 135.05]]
[1358, [134.8, 137.74, 135.01, 135.11, 134.65, 135.46, 136.47, 135.56, 136.19, 135.19, 135.3, 135.15, 136.07, 136.02, 135.74, 136.45, 134.83, 135.42, 135.79, 135.61, 136.25, 136.25, 135.47, 135.57, 137.39, 137.41, 134.96, 134.99, 157.71, 135.15, 138.69]]
[1362, [136.66, 135.46, 134.86, 135.29, 134.4, 135.93, 134.78, 135.07, 135.2, 135.45, 135.57, 136.25, 135.84, 135.13, 135.73, 135.56, 135.48, 135.39, 135.36, 135.61, 135.19, 136.03, 134.64, 135.19, 134.57, 134.55, 135.63, 153.01, 135.56, 135.19, 135.48]]
[1366, [134.96, 134.51, 135.15, 135.31, 135.26, 134.56, 135.55, 135.45, 134.93, 134.8, 135.44, 135.71, 136.33, 135.21, 135.98, 135.35, 135.35, 136.07, 135.94, 136.03, 135.45, 135.33, 135.43, 141.77, 136.62, 135.12, 135.52, 135.37, 135.97, 135.78, 135.78]]
[1370, [136.09, 135.46, 135.0, 135.26, 135.39, 146.3, 135.48, 136.02, 142.31, 135.51, 135.47, 136.55, 138.02, 134.39, 133.56, 135.36, 134.19, 134.83, 134.87, 135.97, 135.67, 136.34, 135.07, 135.44, 135.35, 135.39, 135.45, 135.44, 135.17, 135.43, 134.98]]
[1374, [135.33, 135.04, 134.76, 134.69, 141.9, 135.67, 135.26, 136.02, 141.21, 134.79, 137.49, 140.34, 134.75, 134.86, 134.19, 134.22, 134.56, 134.63, 135.64, 135.49, 136.25, 135.29, 134.43, 134.46, 134.89, 134.99, 134.21, 139.57, 134.32, 134.89, 135.19]]
[1378, [135.82, 135.95, 135.68, 135.27, 135.15, 134.92, 135.75, 135.17, 134.83, 134.65, 134.55, 136.83, 135.29, 135.15, 134.1, 138.31, 134.8, 136.04, 135.58, 135.57, 135.76, 135.33, 135.47, 136.7, 134.8, 135.81, 134.76, 135.21, 135.47, 135.9, 135.74]]
[1382, [135.18, 134.35, 136.51, 135.36, 135.91, 135.02, 134.98, 135.4, 135.27, 135.47, 135.86, 134.38, 135.69, 134.99, 135.03, 136.03, 135.5, 136.76, 136.24, 135.79, 136.28, 134.93, 134.9, 135.68, 135.18, 134.87, 137.66, 134.66, 136.04, 136.29, 135.84]]
[1386, [134.9, 146.84, 135.53, 135.86, 135.75, 135.83, 134.79, 134.1, 134.32, 134.2, 135.28, 135.19, 135.15, 134.25, 135.9, 135.28, 135.95, 137.15, 134.38, 134.16, 134.11, 134.46, 134.79, 134.97, 134.17, 134.71, 134.7, 135.51, 135.74, 134.95, 134.83]]
[1390, [144.23, 135.41, 134.69, 135.32, 134.73, 134.52, 134.04, 134.59, 135.16, 134.03, 134.13, 134.7, 134.84, 134.85, 135.89, 135.64, 134.74, 134.12, 135.34, 134.51, 134.54, 134.99, 134.28, 134.96, 135.02, 135.67, 140.24, 135.23, 135.44, 135.28, 134.41]]
[1394, [147.06, 136.89, 137.59, 135.02, 133.9, 134.01, 134.57, 134.8, 140.93, 134.25, 134.82, 135.02, 136.79, 135.67, 135.26, 136.34, 134.07, 134.11, 134.63, 134.26, 134.53, 134.42, 134.36, 134.63, 134.8, 135.18, 136.18, 135.04, 134.93, 134.94, 134.96]]
[1398, [135.89, 135.06, 135.29, 135.13, 134.24, 134.26, 135.42, 133.96, 135.16, 134.56, 134.26, 135.0, 135.03, 135.33, 134.92, 134.57, 135.11, 134.7, 135.15, 134.42, 134.21, 134.79, 134.48, 135.49, 135.06, 135.11, 134.72, 135.16, 134.81, 134.94, 136.21]]
[1402, [135.7, 135.17, 135.92, 134.59, 135.07, 135.01, 134.09, 134.89, 134.5, 134.93, 135.42, 135.3, 135.97, 135.9, 134.96, 134.67, 134.48, 135.19, 134.32, 135.01, 134.96, 134.43, 134.71, 135.53, 135.82, 135.76, 135.07, 134.19, 135.66, 134.87, 143.92]]
[1406, [135.16, 135.53, 134.98, 135.32, 134.5, 135.72, 135.49, 135.3, 136.29, 135.96, 136.05, 135.28, 135.56, 135.49, 134.22, 135.02, 135.0, 133.99, 134.13, 136.41, 134.43, 135.67, 135.87, 135.33, 135.11, 134.9, 135.51, 136.86, 135.56, 135.52, 134.79]]
[1410, [136.95, 134.9, 135.58, 135.73, 134.95, 134.8, 134.94, 135.19, 134.81, 135.7, 137.65, 135.15, 134.45, 135.76, 135.56, 135.32, 135.88, 136.17, 134.97, 135.19, 135.38, 136.31, 135.07, 136.31, 134.89, 135.23, 135.3, 135.81, 135.83, 135.89, 135.43]]
[1414, [134.98, 136.0, 135.64, 135.17, 134.91, 135.6, 136.08, 135.47, 135.21, 135.19, 136.03, 134.96, 134.48, 135.37, 134.87, 135.59, 135.49, 135.53, 134.59, 134.65, 135.49, 136.03, 135.54, 135.91, 135.22, 135.43, 135.77, 135.79, 135.24, 135.68, 135.01]]
[1418, [135.69, 134.67, 134.85, 134.23, 135.38, 134.49, 147.61, 135.9, 136.52, 136.74, 135.2, 139.48, 135.83, 135.45, 134.92, 139.95, 136.56, 137.08, 135.28, 134.78, 135.55, 135.34, 135.15, 135.14, 135.23, 134.42, 135.45, 135.88, 135.47, 134.89, 135.06]]
[1422, [135.63, 134.77, 135.35, 134.16, 134.66, 135.04, 135.56, 135.29, 135.64, 140.69, 134.95, 134.91, 134.81, 135.38, 135.22, 135.5, 135.67, 135.29, 135.03, 135.22, 135.38, 136.07, 136.08, 135.37, 135.76, 135.55, 135.03, 135.47, 135.32, 135.1, 143.92]]
[1426, [136.35, 134.25, 135.38, 134.9, 134.78, 134.78, 135.56, 134.43, 134.88, 134.67, 135.43, 135.22, 135.81, 135.86, 135.35, 134.56, 135.64, 135.32, 135.86, 135.01, 135.29, 135.09, 134.48, 135.48, 135.81, 135.43, 134.38, 135.14, 136.55, 135.28, 135.21]]
[1430, [134.66, 134.32, 136.96, 135.78, 142.31, 135.05, 134.53, 135.26, 135.85, 134.91, 134.67, 134.76, 134.53, 134.62, 135.44, 134.94, 135.88, 135.25, 135.15, 135.09, 135.77, 135.05, 135.12, 135.05, 135.71, 134.64, 135.13, 135.24, 134.74, 134.86, 135.01]]
[1434, [135.06, 135.44, 135.76, 134.64, 135.61, 134.64, 135.46, 135.43, 135.1, 135.77, 135.54, 134.67, 134.74, 134.56, 135.77, 135.91, 135.54, 135.82, 135.93, 135.55, 134.78, 135.11, 134.99, 135.53, 135.53, 134.6, 135.34, 134.75, 134.28, 136.24, 134.67]]
[1438, [134.85, 135.47, 135.09, 135.11, 135.15, 134.99, 134.97, 134.78, 134.35, 134.74, 135.47, 135.09, 134.75, 135.52, 136.0, 135.52, 134.7, 135.2, 135.12, 135.47, 134.92, 136.05, 135.0, 135.84, 135.0, 135.7, 134.89, 134.61, 139.75, 135.52, 141.54]]
[1442, [141.8, 134.45, 134.88, 139.61, 135.25, 135.46, 135.13, 135.49, 135.52, 141.41, 135.43, 134.94, 134.84, 135.21, 135.68, 135.92, 135.1, 135.79, 134.45, 134.87, 135.18, 135.54, 135.6, 134.68, 135.98, 134.96, 135.64, 134.99, 135.47, 137.32, 135.6]]
[1446, [135.45, 135.54, 134.86, 135.72, 135.11, 134.8, 134.88, 135.45, 134.5, 134.33, 135.29, 135.62, 135.69, 135.11, 134.81, 135.95, 134.64, 135.34, 134.5, 135.23, 135.05, 135.68, 136.28, 134.76, 135.56, 140.17, 141.29, 134.93, 135.91, 135.13, 135.8]]
[1450, [134.82, 134.58, 135.33, 135.6, 134.32, 134.82, 135.85, 135.5, 135.91, 135.61, 134.99, 135.54, 134.88, 134.81, 136.55, 136.04, 135.43, 135.61, 144.78, 135.4, 135.15, 135.02, 136.1, 135.87, 136.46, 135.11, 135.4, 135.6, 135.72, 135.65, 135.89]]
[1454, [134.29, 134.69, 135.58, 134.62, 140.52, 135.35, 142.58, 134.93, 135.63, 134.36, 135.06, 135.0, 139.52, 134.8, 135.12, 134.79, 135.83, 135.11, 135.92, 135.09, 134.85, 135.29, 135.73, 135.78, 135.97, 135.86, 135.73, 135.5, 135.83, 135.19, 135.76]]
[1458, [134.59, 138.98, 135.26, 134.53, 135.05, 134.49, 134.73, 135.36, 135.32, 134.55, 134.4, 134.52, 135.75, 135.85, 135.3, 135.62, 135.42, 136.0, 136.02, 135.17, 135.89, 135.21, 135.99, 134.99, 135.38, 135.91, 135.73, 134.91, 134.78, 135.94, 134.51]]
[1462, [135.38, 135.07, 135.12, 135.44, 134.97, 135.94, 134.86, 153.76, 134.46, 135.55, 135.28, 135.88, 135.48, 135.79, 134.69, 135.3, 136.1, 135.06, 135.61, 135.99, 135.03, 135.88, 135.77, 135.8, 135.7, 135.66, 135.91, 135.48, 134.26, 135.57, 135.38]]
[1466, [137.13, 134.78, 135.76, 134.84, 136.56, 134.58, 134.51, 134.57, 135.24, 134.83, 136.24, 135.44, 134.88, 134.62, 135.61, 135.66, 135.69, 135.81, 134.83, 135.39, 135.46, 135.45, 135.13, 135.97, 136.03, 135.64, 135.96, 135.22, 134.54, 134.66, 135.41]]
[1470, [135.8, 135.82, 134.34, 134.9, 135.65, 135.09, 134.56, 134.88, 136.18, 134.26, 135.3, 134.97, 134.67, 134.49, 134.98, 135.89, 135.49, 135.41, 135.37, 135.11, 135.62, 135.8, 135.51, 135.3, 141.77, 135.22, 135.2, 135.9, 134.98, 135.7, 135.38]]
